0.0
0.0
0.0
0.0
0.0
0.0
0.0
0.0
0.0
0.0
0.0
0.0
0.0
0.0
0.0
0.0
0.0
0.0
0.0
0.0
0.0
0.0
0.0
0.0
0.0
0.0
0.0
0.0
0.0
0.0
0.0
0.0
0.0
0.0
0.0
0.0
0.0
0.0
0.0
0.0
0.0
0.0
0.0
0.0
0.0
0.0
0.0
0.0
0.0
0.004545454545454545
0.004545454545454545
0.0
0.0
0.0
0.0
0.0
0.0
0.0
0.0
0.005050505050505051
0.005050505050505051
0.004807692307692308
0.004807692307692308
0.0
0.0
0.0
0.0
0.004975124378109453
0.004975124378109453
0.0
0.0
0.0
0.0
0.0
0.0
0.0051813471502590676
0.0051813471502590676
0.0
0.0
0.0
0.0
0.0
0.0
0.0
0.0
0.0
0.0
0.0
0.0
0.0
0.0
0.0
0.0
0.005128205128205128
0.005128205128205128
0.0
0.0
0.0
0.0
0.0
0.0
0.0
0.0
0.0
0.0
0.0
0.0
0.0
0.0
0.0
0.0
0.0
0.0
0.0
0.0
0.0
0.0
0.005747126436781609
0.005649717514124294
0.0
0.0
0.0
0.0
0.0
0.0
0.0
0.0
0.004784688995215311
0.004830917874396135
0.036458333333333336
0.034482758620689655
0.06315789473684211
0.06282722513089005
0.05025125628140704
0.050505050505050504
0.0228310502283105
0.02304147465437788
0.0
0.0
0.0
0.0
0.0
0.0
0.0
0.0
0.0
0.0
0.0
0.0
0.0
0.0
0.0
0.0
0.0
0.0
0.0047169811320754715
0.009478672985781991
0.01990049751243781
0.03535353535353535
0.028169014084507043
0.014492753623188406
0.005025125628140704
0.005025125628140704
0.005050505050505051
0.0
0.0
0.0
0.0
0.0
0.0
0.0
0.0
0.0
0.0
0.0
0.0
0.0
0.0
0.0
0.00392156862745098
0.00392156862745098
0.0
0.0
0.0
0.0
0.0
0.0
0.0
0.0
0.0
0.0
0.004081632653061225
0.004081632653061225
0.005050505050505051
0.005050505050505051
0.017937219730941704
0.017937219730941704
0.012875536480686695
0.012875536480686695
0.015957446808510637
0.015957446808510637
0.015706806282722512
0.015706806282722512
0.0
0.0
0.0
0.0
0.0
0.0
0.0
0.0
0.0
0.0
0.0
0.0
0.0
0.0
0.0
0.0
0.0
0.0
0.0
0.0
0.0
0.0
0.0
0.0
0.0
0.0
0.0
0.0
0.0
0.0
0.0
0.0
0.0
0.0
0.005263157894736842
0.005263157894736842
0.010638297872340425
0.010638297872340425
0.005555555555555556
0.005555555555555556
0.013574660633484163
0.013574660633484163
0.0
0.0
0.0
0.0
0.0
0.0
0.0
0.0
0.0
0.0
0.0
0.0
0.004878048780487805
0.004878048780487805
0.0
0.0
0.0
0.0
0.0
0.0
0.0
0.0
0.0
0.0
0.0
0.0
0.0
0.0
0.0
0.0
0.0
0.0
0.004901960784313725
0.004901960784313725
0.011049723756906077
0.011049723756906077
0.0
0.0
0.0
0.0
0.0
0.0
0.0
0.0
0.0
0.0
0.0
0.0
0.005263157894736842
0.005263157894736842
0.0
0.0
0.0
0.0
0.0
0.0
0.005405405405405406
0.005405405405405406
0.018292682926829267
0.018292682926829267
0.023474178403755867
0.023474178403755867
0.025210084033613446
0.025210084033613446
0.016216216216216217
0.016216216216216217
0.0163265306122449
0.0163265306122449
0.06741573033707865
0.06741573033707865
0.03333333333333333
0.03333333333333333
0.05687203791469194
0.05687203791469194
0.07027027027027027
0.07027027027027027
0.1261682242990654
0.1261682242990654
0.10909090909090909
0.10909090909090909
0.06111111111111111
0.06111111111111111
0.08629441624365482
0.08629441624365482
0.04807692307692308
0.04807692307692308
0.06837606837606838
0.06837606837606838
0.04736842105263158
0.04736842105263158
0.0748663101604278
0.0748663101604278
0.1292517006802721
0.1292517006802721
0.15463917525773196
0.15463917525773196
0.09248554913294797
0.09248554913294797
0.07865168539325842
0.07865168539325842
0.09375
0.09375
0.07109004739336493
0.07109004739336493
0.08878504672897196
0.08878504672897196
0.1218274111675127
0.1218274111675127
0.12380952380952381
0.12380952380952381
0.15577889447236182
0.15577889447236182
0.13368983957219252
0.13368983957219252
0.14285714285714285
0.14285714285714285
0.21761658031088082
0.21761658031088082
0.25
0.25
0.21292775665399238
0.21292775665399238
0.22660098522167488
0.22660098522167488
0.17333333333333334
0.17333333333333334
0.14659685863874344
0.14659685863874344
0.09248554913294797
0.09248554913294797
0.06132075471698113
0.06132075471698113
0.07407407407407407
0.07407407407407407
0.08181818181818182
0.08181818181818182
0.08
0.08
0.07881773399014778
0.07881773399014778
0.08144796380090498
0.08144796380090498
0.09876543209876543
0.09876543209876543
0.0975609756097561
0.0975609756097561
0.0670391061452514
0.0670391061452514
0.06565656565656566
0.06565656565656566
0.06965174129353234
0.06965174129353234
0.07035175879396985
0.07035175879396985
0.09137055837563451
0.09183673469387756
0.1179245283018868
0.1179245283018868
0.14485981308411214
0.14485981308411214
0.15656565656565657
0.15656565656565657
0.12871287128712872
0.12871287128712872
0.12682926829268293
0.12682926829268293
0.07327586206896551
0.07327586206896551
0.05188679245283019
0.05188679245283019
0.04040404040404041
0.04040404040404041
0.01694915254237288
0.01694915254237288
0.049723756906077346
0.049723756906077346
0.09954751131221719
0.09954751131221719
0.13142857142857142
0.13142857142857142
0.12442396313364056
0.12442396313364056
0.10152284263959391
0.10152284263959391
0.13368983957219252
0.13368983957219252
0.12371134020618557
0.12371134020618557
0.09550561797752809
0.09550561797752809
0.12154696132596685
0.12154696132596685
0.10294117647058823
0.10294117647058823
0.07526881720430108
0.07526881720430108
0.12322274881516587
0.12322274881516587
0.11764705882352941
0.11764705882352941
0.115
0.115
0.05603448275862069
0.05603448275862069
0.06756756756756757
0.06756756756756757
0.056768558951965066
0.056768558951965066
0.05853658536585366
0.05853658536585366
0.08421052631578947
0.08421052631578947
0.07456140350877193
0.07456140350877193
0.11737089201877934
0.11737089201877934
0.09859154929577464
0.09859154929577464
0.11894273127753303
0.11894273127753303
0.09090909090909091
0.09090909090909091
0.10552763819095477
0.10552763819095477
0.10588235294117647
0.10588235294117647
0.12987012987012986
0.12987012987012986
0.08045977011494253
0.08045977011494253
0.1187214611872146
0.1187214611872146
0.09090909090909091
0.09090909090909091
0.10303030303030303
0.10303030303030303
0.10650887573964497
0.10650887573964497
0.08955223880597014
0.08955223880597014
0.10576923076923077
0.10576923076923077
0.06818181818181818
0.06818181818181818
0.017543859649122806
0.039301310043668124
0.053475935828877004
0.053475935828877004
0.033816425120772944
0.0761904761904762
0.08064516129032258
0.14210526315789473
0.125
0.125
0.15606936416184972
0.20454545454545456
0.1978021978021978
0.1978021978021978
0.2032967032967033
0.2032967032967033
0.17167381974248927
0.15948275862068967
0.195
0.2634146341463415
0.3411764705882353
0.41714285714285715
0.3804878048780488
0.36764705882352944
0.37327188940092165
0.37327188940092165
0.3688888888888889
0.3805309734513274
0.38235294117647056
0.2555066079295154
0.3072916666666667
0.32124352331606215
0.38333333333333336
0.38333333333333336
0.36257309941520466
0.36257309941520466
0.3505747126436782
0.30409356725146197
0.25961538461538464
0.3113207547169811
0.3384615384615385
0.3247422680412371
0.3076923076923077
0.3076923076923077
0.31016042780748665
0.31016042780748665
0.29245283018867924
0.3789954337899543
0.38392857142857145
0.4410480349344978
0.4558139534883721
0.5136363636363637
0.5309278350515464
0.5435897435897435
0.4954545454545455
0.5938864628820961
0.7070707070707071
0.8578199052132701
0.8990384615384616
0.9766355140186916
0.9711538461538461
0.8578680203045685
0.9263157894736842
0.7740112994350282
0.7398843930635838
0.9090909090909091
0.893048128342246
1.1415094339622642
1.2311557788944723
1.2222222222222223
1.1244239631336406
1.1415525114155252
1.1784037558685445
1.1784037558685445
1.2708333333333333
1.5627705627705628
1.81
1.9230769230769231
2.0679611650485437
2.168831168831169
2.2990654205607477
2.369747899159664
2.412017167381974
2.365740740740741
2.4611650485436893
2.483720930232558
2.488372093023256
2.5397489539748954
2.639130434782609
2.683206106870229
2.940928270042194
2.9339622641509435
2.938679245283019
2.948497854077253
2.965367965367965
2.9571428571428573
2.9571428571428573
2.955665024630542
2.955665024630542
2.9516129032258065
2.9516129032258065
2.9641434262948207
2.9641434262948207
2.9547738693467336
2.9547738693467336
2.959090909090909
2.959090909090909
2.955
2.955
2.957547169811321
2.957547169811321
2.9505494505494507
2.9505494505494507
2.9631336405529956
2.9631336405529956
2.960698689956332
2.960698689956332
2.9571428571428573
2.9571428571428573
2.963470319634703
2.963470319634703
2.9601769911504423
2.908695652173913
2.9156118143459917
2.9279661016949152
2.9299065420560746
2.9857142857142858
3.0376344086021505
3.0376344086021505
3.0428571428571427
3.0428571428571427
3.0528846153846154
3.0528846153846154
3.101063829787234
3.101063829787234
3.1330049261083746
3.1330049261083746
3.174107142857143
3.174107142857143
3.2103004291845494
3.2103004291845494
3.180995475113122
3.180995475113122
3.124463519313305
3.124463519313305
3.2311557788944723
3.2311557788944723
3.1746724890829694
3.1746724890829694
3.107317073170732
3.107317073170732
3.1256038647342996
3.1256038647342996
3.154639175257732
3.154639175257732
3.2409090909090907
3.2409090909090907
3.23943661971831
3.23943661971831
3.256198347107438
3.256198347107438
3.1
3.1
3.1159420289855073
3.1159420289855073
3.1926605504587156
3.1926605504587156
3.2270531400966185
3.2270531400966185
3.1472081218274113
3.1472081218274113
3.191588785046729
3.191588785046729
3.172093023255814
3.172093023255814
3.2373737373737375
3.2373737373737375
3.1954887218045114
3.1954887218045114
3.187192118226601
3.187192118226601
3.1641791044776117
3.1641791044776117
3.098265895953757
3.098265895953757
3.0878048780487806
3.0878048780487806
3.0945945945945947
3.0945945945945947
3.165775401069519
3.165775401069519
3.130841121495327
3.130841121495327
3.139423076923077
3.139423076923077
3.1455399061032865
3.1455399061032865
3.2057142857142855
3.2057142857142855
3.1913043478260867
3.1913043478260867
3.1875
3.1875
3.208955223880597
3.208955223880597
3.142857142857143
3.142857142857143
3.181395348837209
3.181395348837209
3.1121495327102804
3.1121495327102804
3.1283185840707963
3.1283185840707963
3.089005235602094
3.089005235602094
3.0262008733624453
3.0262008733624453
3.009950248756219
3.009950248756219
3.004385964912281
3.004385964912281
2.989847715736041
2.989847715736041
2.9802371541501977
2.9802371541501977
2.9876543209876543
2.9876543209876543
2.9797979797979797
2.98
2.985
2.9899497487437188
2.995983935742972
3.0040485829959516
3.004424778761062
3.004424778761062
3.023474178403756
3.023474178403756
3.056451612903226
3.056451612903226
3.0782608695652174
3.0782608695652174
3.076923076923077
3.076923076923077
3.093632958801498
3.093632958801498
3.1773399014778323
3.1773399014778323
3.152073732718894
3.152073732718894
3.163793103448276
3.163793103448276
3.1330645161290325
3.1330645161290325
3.167487684729064
3.167487684729064
3.227777777777778
3.227777777777778
3.289719626168224
3.289719626168224
3.2432432432432434
3.2432432432432434
3.287179487179487
3.287179487179487
3.3189655172413794
3.3189655172413794
3.286324786324786
3.286324786324786
3.3304347826086955
3.3304347826086955
3.367713004484305
3.367713004484305
3.3551401869158877
3.3551401869158877
3.3981900452488687
3.3981900452488687
3.4048582995951415
3.4048582995951415
3.4153225806451615
3.4153225806451615
3.4363636363636365
3.4363636363636365
3.457286432160804
3.457286432160804
3.525
3.525
3.6462264150943398
3.6462264150943398
3.6697674418604653
3.6697674418604653
3.7125
3.7125
3.6699507389162562
3.6699507389162562
3.6291079812206575
3.6291079812206575
3.6822916666666665
3.6822916666666665
3.706140350877193
3.706140350877193
3.756183745583039
3.756183745583039
3.75
3.75
3.8017241379310347
3.8017241379310347
3.7854077253218885
3.7854077253218885
3.7787234042553193
3.7787234042553193
3.776824034334764
3.776824034334764
3.7244897959183674
3.7244897959183674
3.6797752808988764
3.6797752808988764
3.6205128205128205
3.6205128205128205
3.6055045871559632
3.6055045871559632
3.6076923076923078
3.6076923076923078
3.6212765957446806
3.6212765957446806
3.668103448275862
3.668103448275862
3.703125
3.703125
3.7149321266968327
3.7149321266968327
3.635135135135135
3.635135135135135
3.6582278481012658
3.6582278481012658
3.715481171548117
3.715481171548117
3.705069124423963
3.705069124423963
3.7386934673366836
3.7386934673366836
3.7468354430379747
3.7468354430379747
3.7193877551020407
3.7193877551020407
3.739130434782609
3.739130434782609
3.7371134020618557
3.7371134020618557
3.6619047619047618
3.6619047619047618
3.6231884057971016
3.6231884057971016
3.6545454545454548
3.6545454545454548
3.674698795180723
3.674698795180723
3.73568281938326
3.73568281938326
3.708695652173913
3.708695652173913
3.708154506437768
3.708154506437768
3.648780487804878
3.648780487804878
3.678733031674208
3.678733031674208
3.6273584905660377
3.6273584905660377
3.565610859728507
3.565610859728507
3.5608695652173914
3.5608695652173914
3.5311203319502074
3.5311203319502074
3.509433962264151
3.509433962264151
3.4752475247524752
3.4752475247524752
3.5358649789029535
3.5358649789029535
3.53515625
3.53515625
3.548223350253807
3.548223350253807
3.5555555555555554
3.5555555555555554
3.577889447236181
3.577889447236181
3.536231884057971
3.536231884057971
3.5238095238095237
3.526086956521739
3.539325842696629
3.539325842696629
3.4615384615384617
3.4615384615384617
3.4790697674418603
3.4790697674418603
3.4938775510204083
3.4938775510204083
3.4027149321266967
3.4027149321266967
3.423963133640553
3.423963133640553
3.512690355329949
3.512690355329949
3.515748031496063
3.515748031496063
3.557603686635945
3.557603686635945
3.625615763546798
3.625615763546798
3.573394495412844
3.5714285714285716
3.5846774193548385
3.5846774193548385
3.604651162790698
3.604651162790698
3.7186147186147185
3.7186147186147185
3.7580645161290325
3.7580645161290325
3.7723214285714284
3.7723214285714284
3.819672131147541
3.819672131147541
3.8137254901960786
3.8137254901960786
3.73953488372093
3.73953488372093
3.7358490566037736
3.7358490566037736
3.792626728110599
3.792626728110599
3.8055555555555554
3.8055555555555554
3.8186528497409324
3.8186528497409324
3.830601092896175
3.830601092896175
3.8577405857740588
3.8577405857740588
3.81592039800995
3.81592039800995
3.7799043062200957
3.7799043062200957
3.7389380530973453
3.7389380530973453
3.681614349775785
3.681614349775785
3.7554585152838427
3.758771929824561
3.8603603603603602
3.8603603603603602
3.707317073170732
3.707317073170732
3.845410628019324
3.845410628019324
3.8383838383838382
3.8383838383838382
3.8542713567839195
3.8542713567839195
3.8959537572254335
3.8959537572254335
3.8415841584158414
3.8415841584158414
3.84375
3.84375
3.7718446601941746
3.7718446601941746
3.7450980392156863
3.7450980392156863
3.8153846153846156
3.8153846153846156
3.9408602150537635
3.9408602150537635
3.96
3.96
4.211206896551724
4.211206896551724
4.314917127071824
4.314917127071824
4.325
4.325
4.418032786885246
4.418032786885246
4.327272727272727
4.327272727272727
4.401785714285714
4.401785714285714
4.338775510204082
4.338775510204082
4.408653846153846
4.408653846153846
4.371428571428571
4.371428571428571
4.373333333333333
4.373333333333333
4.35064935064935
4.35064935064935
4.450261780104712
4.450261780104712
4.649122807017544
4.649122807017544
4.7368421052631575
4.7368421052631575
4.655813953488372
4.655813953488372
4.7073170731707314
4.7073170731707314
4.760330578512397
4.760330578512397
4.770992366412214
