0.0
0.0
0.0
0.0
0.0
0.0
0.0
0.0
0.0
0.0
0.0
0.0
0.0
0.0
0.0
0.0
0.0
0.0
0.0
0.0
0.0
0.0
0.0
0.0
0.0
0.0
0.0
0.0
0.0
0.0
0.0
0.0
0.0
0.0
0.0
0.0
0.0
0.0
0.0
0.0
0.0
0.0
0.0
0.0
0.0
0.0
0.0
0.0
0.0
0.0
0.0
0.0
0.0
0.0
0.0
0.0
0.0
0.0
0.0
0.0
0.0
0.0
0.0
0.0
0.0
0.0
0.0
0.0
0.0
0.0
0.0
0.0
0.0
0.0
0.0
0.0
0.0
0.0047169811320754715
0.0047169811320754715
0.0
0.0
0.0
0.0
0.0
0.0
0.0
0.0
0.0
0.0
0.0
0.0
0.0
0.0
0.0
0.0
0.005025125628140704
0.005025125628140704
0.0
0.0
0.0
0.0
0.0
0.0
0.0
0.0
0.0
0.0
0.0
0.0
0.0
0.0
0.0
0.0
0.0
0.0
0.0
0.0
0.004608294930875576
0.0045871559633027525
0.004484304932735426
0.004545454545454545
0.0
0.0
0.0
0.004608294930875576
0.005494505494505495
0.005376344086021506
0.004901960784313725
0.0
0.0
0.0
0.0
0.0
0.0
0.0
0.0
0.0
0.0
0.0
0.005050505050505051
0.005154639175257732
0.0
0.0
0.0
0.0
0.0
0.0
0.0
0.0
0.0
0.0
0.0
0.0
0.0
0.0
0.0
0.0
0.0
0.0
0.00546448087431694
0.005319148936170213
0.0
0.0
0.0106951871657754
0.01092896174863388
0.0
0.0
0.0
0.0
0.0
0.0
0.0
0.0
0.010810810810810811
0.010810810810810811
0.012987012987012988
0.012987012987012988
0.010256410256410256
0.010256410256410256
0.010309278350515464
0.010309278350515464
0.017467248908296942
0.017467248908296942
0.026455026455026454
0.026455026455026454
0.03827751196172249
0.03827751196172249
0.10106382978723404
0.10106382978723404
0.05357142857142857
0.05357142857142857
0.041474654377880185
0.041474654377880185
0.054945054945054944
0.06593406593406594
0.056074766355140186
0.056338028169014086
0.07446808510638298
0.06417112299465241
0.04081632653061224
0.04081632653061224
0.005208333333333333
0.005208333333333333
0.0
0.0
0.01015228426395939
0.01015228426395939
0.016129032258064516
0.016216216216216217
0.016129032258064516
0.016129032258064516
0.02336448598130841
0.02336448598130841
0.005154639175257732
0.005154639175257732
0.016304347826086956
0.01639344262295082
0.005649717514124294
0.005649717514124294
0.01507537688442211
0.01507537688442211
0.016666666666666666
0.016666666666666666
0.02262443438914027
0.02262443438914027
0.03365384615384615
0.03365384615384615
0.03
0.03
0.02040816326530612
0.020202020202020204
0.02702702702702703
0.02654867256637168
0.019230769230769232
0.01904761904761905
0.03389830508474576
0.03333333333333333
0.009615384615384616
0.00909090909090909
0.005235602094240838
0.005235602094240838
0.0
0.0
0.0
0.0
0.011764705882352941
0.0106951871657754
0.01092896174863388
0.010471204188481676
0.005555555555555556
0.005780346820809248
0.0
0.0
0.0
0.0
0.004166666666666667
0.004149377593360996
0.0
0.0
0.0
0.0
0.0
0.0
0.0
0.0
0.0
0.0
0.0
0.0
0.004464285714285714
0.0045871559633027525
0.0
0.0
0.0
0.0
0.010471204188481676
0.010050251256281407
0.027906976744186046
0.02830188679245283
0.06965174129353234
0.0707070707070707
0.06936416184971098
0.06976744186046512
0.12021857923497267
0.12087912087912088
0.07368421052631578
0.07608695652173914
0.1326530612244898
0.13333333333333333
0.24630541871921183
0.24509803921568626
0.3888888888888889
0.3825136612021858
0.45161290322580644
0.4537037037037037
0.6405529953917051
0.6123348017621145
0.586046511627907
0.5727272727272728
0.7272727272727273
0.7450980392156863
0.6908212560386473
0.7295918367346939
0.757847533632287
0.7544642857142857
0.9344262295081968
0.9306122448979591
1.0172413793103448
1.039647577092511
1.0045871559633028
1.0233644859813085
0.9904761904761905
0.9811320754716981
0.8421052631578947
0.8556149732620321
0.861878453038674
0.8571428571428571
1.0985915492957747
1.0981308411214954
1.2016806722689075
1.2076271186440677
1.248780487804878
1.2864321608040201
1.4260089686098654
1.4260089686098654
1.4791666666666667
1.4791666666666667
1.5238095238095237
1.5238095238095237
1.592920353982301
1.60352422907489
1.5376884422110553
1.5427135678391959
1.5991379310344827
1.603448275862069
1.6305418719211822
1.6341463414634145
1.5825242718446602
1.5911330049261083
1.6073059360730593
1.6175115207373272
1.6711711711711712
1.6772727272727272
1.6965811965811965
1.6995708154506437
1.78714859437751
1.7834645669291338
1.7091836734693877
1.6965174129353233
1.7317073170731707
1.7710843373493976
1.7103174603174602
1.7222222222222223
1.6495327102803738
1.6572769953051643
1.634703196347032
1.6181818181818182
1.5977653631284916
1.6111111111111112
1.7398373983739837
1.72
1.7190476190476192
1.7582938388625593
1.8008474576271187
1.8125
1.8148148148148149
1.822314049586777
1.8053097345132743
1.8130434782608695
1.7813953488372094
1.7962085308056872
1.7815533980582525
1.7822222222222222
1.7914893617021277
1.8099547511312217
1.8018018018018018
1.8018018018018018
1.7692307692307692
1.7760416666666667
1.8162393162393162
1.8232758620689655
1.8078817733990147
1.8010204081632653
1.8298969072164948
1.8217821782178218
1.8325581395348838
1.8357487922705313
1.8502202643171806
1.832579185520362
1.8240740740740742
1.8356164383561644
1.875
1.850187265917603
1.8458498023715415
1.875
1.8675213675213675
1.8601694915254237
1.8457943925233644
1.8584905660377358
1.8695652173913044
1.8733624454148472
1.876595744680851
1.876595744680851
1.876595744680851
1.876595744680851
1.8644859813084111
1.8691588785046729
1.8647342995169083
1.8689320388349515
1.8563829787234043
1.8563829787234043
1.8767123287671232
1.885321100917431
1.8908296943231442
1.8908296943231442
1.8717948717948718
1.8717948717948718
1.8743718592964824
1.8743718592964824
1.886138613861386
1.8768472906403941
1.896265560165975
1.9041666666666666
1.9
1.9090909090909092
1.919831223628692
1.919831223628692
1.9162995594713657
1.9162995594713657
1.9166666666666667
1.9166666666666667
1.9170731707317072
1.9086538461538463
1.915929203539823
1.9241071428571428
1.9244444444444444
1.9285714285714286
1.9238095238095239
1.9282296650717703
1.922279792746114
1.922279792746114
1.9257425742574257
1.9253731343283582
1.9411764705882353
1.9411764705882353
1.9230769230769231
1.9230769230769231
1.9295774647887325
1.9295774647887325
1.941860465116279
1.941860465116279
1.9311926605504588
1.9136363636363636
1.9147982062780269
1.9321266968325792
1.9282296650717703
1.9282296650717703
1.9330357142857142
1.9330357142857142
1.9214659685863875
1.9114583333333333
1.9090909090909092
1.8888888888888888
1.8995215311004785
1.8904761904761904
1.8783068783068784
1.8983957219251337
1.917808219178082
1.9555555555555555
1.9537037037037037
1.9617224880382775
1.9435897435897436
1.933673469387755
1.9516129032258065
1.9502762430939227
1.9702970297029703
1.97
1.9746192893401016
1.9746192893401016
2.004830917874396
2.004830917874396
2.0045662100456623
2.0045662100456623
2.0
2.0
2.0268817204301075
2.0268817204301075
2.0361990950226243
2.0707964601769913
2.116022099447514
2.1166666666666667
2.089622641509434
2.110599078341014
2.0962566844919786
2.0815217391304346
2.1267605633802815
2.138888888888889
2.149532710280374
2.1455399061032865
2.1375661375661377
2.1236559139784945
2.080357142857143
2.0762331838565022
2.093137254901961
2.0886699507389164
2.0737327188940093
2.0737327188940093
2.102439024390244
2.089108910891089
2.0790697674418603
2.0972222222222223
2.0837696335078535
2.1608040201005023
2.215311004784689
2.2369668246445498
2.237864077669903
2.2548076923076925
2.2780487804878047
2.2413793103448274
2.26890756302521
2.25
2.247826086956522
2.293617021276596
2.253393665158371
2.207547169811321
2.2079646017699117
2.2177777777777776
2.2
2.208695652173913
2.2625
2.2991803278688523
2.294642857142857
2.388888888888889
2.414285714285714
2.4238095238095236
2.433862433862434
2.5175879396984926
2.565610859728507
2.6778242677824267
2.6299559471365637
2.560747663551402
2.581818181818182
2.589041095890411
2.554585152838428
2.5398230088495577
2.5906976744186045
2.663716814159292
2.702970297029703
2.5580110497237567
2.6180904522613067
2.7242990654205608
2.7013574660633486
2.632850241545894
2.641860465116279
2.672727272727273
2.7354497354497354
2.672222222222222
2.5988372093023258
2.731578947368421
2.74
2.8947368421052633
3.027624309392265
3.0927835051546393
3.013452914798206
3.0756302521008405
3.126637554585153
3.0430622009569377
3.092233009708738
3.1474654377880182
3.1552511415525113
3.174107142857143
3.1136363636363638
3.1702127659574466
3.1864406779661016
3.216326530612245
3.215767634854772
3.284090909090909
3.3813559322033897
3.3839662447257384
3.4
3.4237288135593222
3.34
3.269911504424779
3.349056603773585
3.3973799126637556
3.4008810572687223
3.334975369458128
3.3482587064676617
3.3089005235602094
3.305263157894737
3.343137254901961
3.393939393939394
3.459227467811159
3.463519313304721
3.5461254612546127
3.571969696969697
3.502283105022831
3.608910891089109
3.5654450261780104
3.582010582010582
3.595833333333333
3.5860655737704916
3.5271966527196654
3.5889830508474576
3.5474137931034484
3.5353982300884956
3.617283950617284
3.6224066390041494
3.5925925925925926
3.6103286384976525
3.690265486725664
3.7098214285714284
3.7093023255813953
3.7254901960784315
3.7606837606837606
3.7629310344827585
3.755020080321285
3.755020080321285
3.7627906976744185
3.7627906976744185
3.769607843137255
3.769607843137255
3.8227272727272728
3.8310502283105023
3.845814977973568
3.845814977973568
3.825
3.825
3.8641975308641974
3.8641975308641974
3.8777777777777778
3.8777777777777778
3.8421052631578947
3.8421052631578947
3.8740458015267176
3.8745247148288975
3.857142857142857
3.857142857142857
3.8541666666666665
3.8577405857740588
3.8818897637795278
3.8853754940711465
3.8732394366197185
3.8732394366197185
3.8870292887029287
3.8870292887029287
3.8828828828828827
3.8828828828828827
3.889344262295082
3.889344262295082
3.892857142857143
3.897233201581028
3.8930041152263373
3.8884297520661155
3.8676470588235294
3.8676470588235294
3.881057268722467
3.8815789473684212
3.8701923076923075
3.869565217391304
3.8815789473684212
3.8820960698689957
3.9081632653061225
3.9075342465753424
3.8726415094339623
3.8726415094339623
3.8865546218487395
3.8865546218487395
3.885593220338983
3.885593220338983
3.868292682926829
3.872549019607843
3.902439024390244
3.902439024390244
3.915492957746479
3.915492957746479
3.892857142857143
3.892857142857143
3.9020408163265308
3.9020408163265308
3.901639344262295
3.909465020576132
3.914396887159533
3.914396887159533
3.908713692946058
3.908713692946058
3.905982905982906
3.905982905982906
3.920863309352518
3.92057761732852
3.9126984126984126
3.9126984126984126
3.9137254901960783
3.9133858267716537
3.907563025210084
3.907563025210084
3.8995433789954337
3.8995433789954337
3.9109311740890687
3.9109311740890687
3.9030837004405288
3.9030837004405288
3.9182156133828996
3.921641791044776
3.9135802469135803
3.9135802469135803
3.9125
3.9125
3.9086757990867578
3.9086757990867578
3.9110169491525424
3.9110169491525424
3.904109589041096
3.904109589041096
3.907488986784141
3.907488986784141
3.9146341463414633
3.9146341463414633
3.9063829787234043
3.9063829787234043
3.911290322580645
3.911290322580645
3.9166666666666665
3.932806324110672
3.936
3.9193548387096775
3.905349794238683
3.9068825910931175
3.905829596412556
3.905829596412556
3.9141630901287554
3.913793103448276
3.902439024390244
3.8820754716981134
3.8847926267281108
3.900900900900901
3.909090909090909
3.909090909090909
3.908713692946058
3.9141630901287554
3.9176954732510287
3.925311203319502
3.927601809954751
3.926605504587156
3.91044776119403
3.91044776119403
3.920353982300885
3.919642857142857
3.9327731092436973
3.9327731092436973
3.928888888888889
3.9279279279279278
3.930131004366812
3.938864628820961
3.939914163090129
3.939655172413793
3.935483870967742
3.9305555555555554
3.9525862068965516
3.965367965367965
3.984375
3.9803149606299213
3.986784140969163
3.9955555555555557
4.0
4.003533568904594
3.98828125
3.98828125
3.9915611814345993
3.9915611814345993
3.976525821596244
3.976525821596244
3.973684210526316
3.973684210526316
3.963963963963964
3.963963963963964
3.9672131147540983
3.9672131147540983
3.9721115537848606
3.9721115537848606
3.976923076923077
3.976923076923077
3.9613526570048307
3.9613526570048307
3.9631336405529956
3.9631336405529956
3.9644444444444447
3.9644444444444447
3.9601990049751246
3.970149253731343
3.9726027397260273
3.9726027397260273
3.9743589743589745
3.9656652360515023
3.9611650485436893
3.9611650485436893
3.9607843137254903
3.9607843137254903
3.9607843137254903
3.9611650485436893
3.9627906976744187
3.962962962962963
3.9717314487632507
3.9714285714285715
3.9682539682539684
3.9683794466403164
3.9696969696969697
3.9693486590038316
3.968503937007874
3.968503937007874
3.966666666666667
3.966666666666667
3.9659574468085106
3.9743589743589745
3.9757085020242915
3.9959514170040484
3.9957446808510637
3.978723404255319
3.97737556561086
3.9727272727272727
3.9728506787330318
3.9681818181818183
3.973384030418251
3.969465648854962
3.9692307692307693
3.9692307692307693
3.9683794466403164
3.9683794466403164
3.966666666666667
3.966666666666667
3.9723502304147464
3.9723502304147464
3.9711538461538463
3.971014492753623
3.9745762711864407
3.974468085106383
3.9747899159663866
3.9747899159663866
3.9716981132075473
3.9716981132075473
3.975806451612903
3.996
3.9961089494163424
4.007722007722008
4.008130081300813
4.020242914979757
4.024271844660194
4.004901960784314
4.00418410041841
4.0041322314049586
4.003663003663004
3.9926470588235294
3.9921259842519685
3.9921875
3.9913793103448274
4.008658008658009
4.008298755186722
4.012765957446809
4.01595744680851
4.040816326530612
4.0358744394618835
4.043103448275862
4.046948356807512
4.019607843137255
4.016393442622951
4.028455284552845
4.027667984189724
4.012295081967213
4.01255230125523
4.024896265560166
4.03030303030303
4.055555555555555
4.056338028169014
4.065420560747664
4.063063063063063
4.023255813953488
4.018867924528302
4.019011406844107
4.021367521367521
4.038135593220339
4.043478260869565
4.0576923076923075
4.061611374407583
4.066037735849057
4.067226890756302
4.047008547008547
4.037037037037037
4.048780487804878
4.048458149779735
4.036036036036036
4.036529680365297
4.04524886877828
4.040650406504065
4.05241935483871
4.064377682403434
4.048034934497816
4.038461538461538
4.025974025974026
4.024489795918368
4.029045643153527
4.02880658436214
4.016666666666667
4.016666666666667
4.036734693877551
4.0355731225296445
4.043137254901961
4.053398058252427
4.093023255813954
4.084033613445378
4.102880658436214
4.100806451612903
4.119047619047619
4.114068441064639
4.127340823970037
4.12781954887218
4.097276264591439
4.109704641350211
4.098290598290598
4.12037037037037
4.132420091324201
4.1902654867256635
4.262096774193548
4.316239316239316
4.333333333333333
4.304347826086956
4.248826291079812
4.232558139534884
4.204819277108434
4.229437229437229
4.232758620689655
4.235294117647059
4.196172248803828
4.1866666666666665
4.195555555555556
4.207792207792208
4.207792207792208
4.157894736842105
4.135135135135135
4.080882352941177
4.06390977443609
4.094594594594595
4.126086956521739
4.116465863453815
4.113360323886639
4.13302752293578
4.15
4.0962962962962965
4.092936802973978
4.067729083665339
4.056224899598393
4.055776892430279
4.070588235294117
4.07258064516129
4.041666666666667
4.042553191489362
4.042553191489362
4.040983606557377
4.048780487804878
4.05
4.033898305084746
4.034632034632034
4.038961038961039
4.03765690376569
4.029535864978903
4.032258064516129
4.041095890410959
4.0344827586206895
4.015686274509804
4.017857142857143
4.022222222222222
4.021186440677966
4.008620689655173
4.006825938566553
4.0034364261168385
4.0042918454935625
4.012765957446809
4.011583011583012
4.011583011583012
4.011278195488722
4.025925925925926
4.0285714285714285
4.016528925619835
4.014440433212997
4.017985611510792
4.021186440677966
4.0212765957446805
4.0228310502283104
4.044843049327354
4.046948356807512
4.0514018691588785
4.047826086956522
4.0519480519480515
4.048979591836734
4.041152263374485
4.040983606557377
4.037037037037037
4.037037037037037
4.044897959183674
4.045454545454546
4.048979591836734
4.050209205020921
