0.0
0.0
0.0
0.0
0.0
0.0
0.0
0.0
0.0
0.0
0.0
0.0048543689320388345
0.0048543689320388345
0.005025125628140704
0.005025125628140704
0.0
0.0
0.0
0.0
0.004784688995215311
0.004784688995215311
0.004629629629629629
0.004629629629629629
0.009389671361502348
0.009389671361502348
0.014285714285714285
0.014285714285714285
0.02843601895734597
0.02843601895734597
0.031818181818181815
0.031818181818181815
0.04371584699453552
0.04371584699453552
0.02512562814070352
0.02512562814070352
0.039647577092511016
0.039647577092511016
0.03763440860215054
0.03763440860215054
0.031088082901554404
0.031088082901554404
0.010101010101010102
0.010101010101010102
0.007751937984496124
0.007751937984496124
0.005235602094240838
0.005235602094240838
0.0
0.0
0.0
0.0
0.0
0.0
0.0
0.0
0.0
0.0
0.0
0.0
0.0
0.0
0.0
0.0
0.0
0.0
0.0
0.0
0.0
0.0
0.0
0.0
0.0
0.0
0.0
0.0
0.0
0.0
0.0
0.0
0.0
0.0
0.0
0.0
0.0
0.0
0.004545454545454545
0.004545454545454545
0.004878048780487805
0.004878048780487805
0.010256410256410256
0.010256410256410256
0.016042780748663103
0.016042780748663103
0.024752475247524754
0.024752475247524754
0.03286384976525822
0.03286384976525822
0.05154639175257732
0.05154639175257732
0.05263157894736842
0.05263157894736842
0.08762886597938144
0.08762886597938144
0.13333333333333333
0.13333333333333333
0.1836734693877551
0.1836734693877551
0.21844660194174756
0.22330097087378642
0.27699530516431925
0.27699530516431925
0.2560386473429952
0.25961538461538464
0.25146198830409355
0.24705882352941178
0.28350515463917525
0.2849740932642487
0.24598930481283424
0.24598930481283424
0.23671497584541062
0.23786407766990292
0.20689655172413793
0.20689655172413793
0.24271844660194175
0.24271844660194175
0.24
0.24
0.193717277486911
0.193717277486911
0.17307692307692307
0.17307692307692307
0.19138755980861244
0.19138755980861244
0.17733990147783252
0.17733990147783252
0.18518518518518517
0.18518518518518517
0.1875
0.1875
0.21875
0.21875
0.19487179487179487
0.19487179487179487
0.17010309278350516
0.17010309278350516
0.1642512077294686
0.1642512077294686
0.16597510373443983
0.16597510373443983
0.15813953488372093
0.15813953488372093
0.2328042328042328
0.2328042328042328
0.17587939698492464
0.17676767676767677
0.15942028985507245
0.15942028985507245
0.16080402010050251
0.16161616161616163
0.1507537688442211
0.1507537688442211
0.1388888888888889
0.1366120218579235
0.20618556701030927
0.19900497512437812
0.1941747572815534
0.2
0.27040816326530615
0.2777777777777778
0.2916666666666667
0.2850467289719626
0.29523809523809524
0.2897196261682243
0.2583732057416268
0.2583732057416268
0.2465753424657534
0.2465753424657534
0.2545454545454545
0.25688073394495414
0.24757281553398058
0.2623762376237624
0.23923444976076555
0.2318840579710145
0.2222222222222222
0.2233502538071066
0.2463768115942029
0.24757281553398058
0.2087912087912088
0.20320855614973263
0.14705882352941177
0.1477832512315271
0.13917525773195877
0.13170731707317074
0.1319796954314721
0.13402061855670103
0.18134715025906736
0.17073170731707318
0.14285714285714285
0.1407766990291262
0.15584415584415584
0.16143497757847533
0.16243654822335024
0.20103092783505155
0.1658291457286432
0.1932367149758454
0.16748768472906403
0.135678391959799
0.136986301369863
0.11255411255411256
0.12169312169312169
0.11616161616161616
0.12562814070351758
0.15425531914893617
0.12980769230769232
0.135678391959799
0.18811881188118812
0.22815533980582525
0.23404255319148937
0.21839080459770116
0.21739130434782608
0.22702702702702704
0.21164021164021163
0.28061224489795916
0.3155080213903743
0.35714285714285715
0.34782608695652173
0.3520408163265306
0.40860215053763443
0.4011299435028249
0.33689839572192515
0.42574257425742573
0.43820224719101125
0.4887640449438202
0.5117647058823529
0.515527950310559
0.5060975609756098
0.4918918918918919
0.5027624309392266
0.4574468085106383
0.44559585492227977
0.441340782122905
0.40932642487046633
0.4603174603174603
0.4702702702702703
0.5027027027027027
0.48186528497409326
0.4512820512820513
0.43349753694581283
0.453125
0.453125
0.4947916666666667
0.4634146341463415
0.4090909090909091
0.43523316062176165
0.4925373134328358
0.4898989898989899
0.5560975609756098
0.5436893203883495
0.6536585365853659
0.67
0.7823834196891192
0.7947368421052632
0.9271844660194175
0.9695431472081218
1.1359223300970873
1.1527093596059113
1.131979695431472
1.1494845360824741
1.0
0.9771428571428571
1.0611111111111111
1.0268817204301075
1.1372549019607843
1.1958762886597938
1.2727272727272727
1.3103448275862069
1.233160621761658
1.2139303482587065
1.2139303482587065
1.3670212765957446
1.5841121495327102
1.7107843137254901
1.7487437185929648
1.8020833333333333
1.9310344827586208
1.8792270531400965
1.8839285714285714
1.8705357142857142
1.95
2.0081967213114753
1.966824644549763
1.9061032863849765
1.8563829787234043
1.9042553191489362
1.9476439790575917
1.9243243243243244
2.0050251256281406
2.0211640211640214
2.1148325358851676
2.185
2.36046511627907
2.3929961089494163
2.3125
2.3333333333333335
2.3766233766233764
2.345991561181435
2.380566801619433
2.3868312757201644
2.3605150214592276
2.382608695652174
2.4008620689655173
2.417391304347826
2.4615384615384617
2.4087301587301586
2.3577586206896552
2.3177966101694913
2.310344827586207
2.336244541484716
2.3390557939914163
2.3491379310344827
2.371794871794872
2.345991561181435
2.371794871794872
2.4298245614035086
2.424107142857143
2.4570135746606336
2.495798319327731
2.5063291139240507
2.5042372881355934
2.5148936170212766
2.461187214611872
2.461187214611872
2.41871921182266
2.4158415841584158
2.403669724770642
2.403669724770642
2.3883495145631066
2.406862745098039
2.354368932038835
2.354368932038835
2.2927927927927927
2.2927927927927927
2.2161016949152543
2.2245762711864407
2.185
2.207070707070707
2.3544303797468356
2.3625
2.315068493150685
2.3256880733944953
2.392523364485981
2.3838862559241707
2.292929292929293
2.2944162436548226
2.3027027027027027
2.3097826086956523
2.345744680851064
2.351063829787234
2.4345549738219896
2.442105263157895
2.5545454545454547
2.5545454545454547
2.5024875621890548
2.515
2.502283105022831
2.5045871559633026
2.529680365296804
2.532110091743119
2.5454545454545454
2.5454545454545454
2.5876777251184833
2.6
2.5742574257425743
2.5742574257425743
2.5435897435897434
2.5544041450777204
2.6452991452991452
2.6452991452991452
2.6608695652173915
2.6608695652173915
2.707692307692308
2.7131782945736433
2.7160493827160495
2.727272727272727
2.7242990654205608
2.7242990654205608
2.737327188940092
2.737327188940092
2.827731092436975
2.827731092436975
2.812206572769953
2.815165876777251
2.9
2.899581589958159
2.919047619047619
2.9209302325581397
2.9759036144578315
2.9838709677419355
2.9082125603864735
2.9043062200956937
2.8440860215053765
2.843243243243243
2.8333333333333335
2.8548387096774195
2.867403314917127
2.873684210526316
2.9493087557603688
2.9513274336283186
3.014705882352941
3.0142857142857142
2.99009900990099
2.990521327014218
3.0251046025104604
3.0238095238095237
3.051792828685259
3.057777777777778
3.036529680365297
3.0355555555555553
2.991489361702128
2.9913793103448274
2.959016393442623
2.9581589958158996
2.9880478087649402
3.0
2.9918367346938775
2.9915254237288136
3.0
3.0
2.9502262443438916
2.9537037037037037
3.046153846153846
3.0481927710843375
2.9569377990430623
2.960698689956332
2.8955223880597014
2.8911917098445596
2.8840579710144927
2.8867924528301887
2.8512820512820514
2.849740932642487
2.9292452830188678
2.928909952606635
2.981818181818182
2.985645933014354
2.946078431372549
2.9361702127659575
2.9576719576719577
2.9583333333333335
3.032967032967033
3.032967032967033
2.972826086956522
2.973684210526316
2.9423076923076925
2.9471153846153846
2.9804878048780488
2.9805825242718447
3.009132420091324
3.0093023255813955
3.005
3.005
2.984126984126984
2.9945355191256833
3.0679611650485437
3.0657276995305165
3.0390243902439025
3.05
3.0416666666666665
3.0762331838565022
3.1233480176211454
3.119815668202765
3.110047846889952
3.130232558139535
3.1473214285714284
3.121495327102804
3.0717703349282295
3.075829383886256
3.1052631578947367
3.112820512820513
3.0785340314136125
3.1204188481675392
3.1767441860465118
3.12807881773399
3.168269230769231
3.1650943396226414
3.165137614678899
3.1605504587155964
3.2280701754385963
3.2337662337662336
3.2052401746724892
3.2126696832579187
3.2314814814814814
3.232142857142857
3.216589861751152
3.2227488151658767
3.2777777777777777
3.2777777777777777
3.2247706422018347
3.2409090909090907
3.1530612244897958
3.1510416666666665
3.139784946236559
3.1553398058252426
3.1294642857142856
3.1045454545454545
3.0485436893203883
3.048076923076923
3.088785046728972
3.087962962962963
3.112727272727273
3.1312741312741315
3.1497975708502026
3.158119658119658
3.1271186440677967
3.1333333333333333
3.1176470588235294
3.121212121212121
3.1222707423580784
3.119148936170213
3.108108108108108
3.109090909090909
3.0730593607305936
3.0727272727272728
3.062176165803109
3.0728155339805827
3.047846889952153
3.0403587443946187
3.039473684210526
3.041860465116279
3.0482456140350878
3.053719008264463
3.070539419087137
3.0595744680851062
3.060747663551402
3.075117370892019
3.115702479338843
3.106299212598425
3.093632958801498
3.0877862595419847
3.064655172413793
3.059071729957806
3.023696682464455
3.0184331797235022
3.0088495575221237
3.008403361344538
3.0142857142857142
3.014354066985646
3.0051020408163267
3.004878048780488
3.019607843137255
3.023696682464455
3.037914691943128
3.031111111111111
3.0448430493273544
3.04
3.0450819672131146
3.051282051282051
3.0710659898477157
3.0636363636363635
3.0643776824034337
3.0688073394495414
3.0511627906976746
3.0466101694915255
3.03056768558952
3.046082949308756
3.041284403669725
3.02991452991453
3.0121457489878543
3.0121951219512195
3.0301724137931036
3.0505050505050506
3.0707070707070705
3.0765027322404372
3.115
3.1296296296296298
3.097560975609756
3.1166666666666667
3.125
3.1170731707317074
3.1782178217821784
3.1813725490196076
3.191588785046729
3.218274111675127
3.217821782178218
3.2576419213973797
3.300925925925926
3.303964757709251
3.3254901960784315
3.3506493506493507
3.3004484304932737
3.2883720930232556
3.260869565217391
3.2390243902439027
3.263888888888889
3.247826086956522
3.276315789473684
3.3203463203463204
3.3224489795918366
3.2972972972972974
3.3480176211453743
3.3907563025210083
3.3902439024390243
3.3872340425531915
3.377880184331797
3.3955555555555557
3.440909090909091
3.417777777777778
3.429184549356223
3.4266666666666667
3.411214953271028
3.405940594059406
3.40625
3.4278350515463916
3.405940594059406
3.4646464646464645
3.3872549019607843
3.4504950495049505
3.4285714285714284
3.47
3.4555984555984556
3.5271317829457365
3.5443037974683542
3.521551724137931
3.497907949790795
3.407725321888412
3.405982905982906
3.4703389830508473
3.5233644859813085
3.5023255813953487
3.5291479820627805
3.706382978723404
3.700404858299595
3.5991735537190084
3.589519650655022
3.4713656387665197
3.4591439688715955
3.504
3.4285714285714284
3.463203463203463
3.4334763948497855
3.337719298245614
3.2966101694915255
3.292887029288703
3.26027397260274
3.2083333333333335
3.207547169811321
3.272727272727273
3.264705882352941
3.2217391304347824
3.2227488151658767
3.327188940092166
3.3122362869198314
3.2869565217391306
3.2803738317757007
3.3424657534246576
3.346341463414634
3.577272727272727
3.5461847389558234
3.545816733067729
3.5652173913043477
3.5714285714285716
3.5474137931034484
3.6610169491525424
3.7142857142857144
3.841628959276018
3.898550724637681
4.090497737556561
4.1157407407407405
4.104265402843602
4.035398230088496
4.172995780590718
4.184549356223176
4.097345132743363
4.117117117117117
4.130044843049327
4.12
4.498069498069498
4.6440677966101696
4.56140350877193
4.453061224489796
4.334745762711864
4.290983606557377
4.327935222672065
4.426086956521739
4.418502202643172
4.452488687782806
4.5
4.411764705882353
4.686567164179104
4.748062015503876
4.7103174603174605
4.865800865800866
5.146616541353383
5.265873015873016
5.246913580246914
5.312236286919831
5.121359223300971
5.095238095238095
5.122065727699531
5.174757281553398
5.137254901960785
5.28125
5.335078534031414
5.2288557213930345
5.521739130434782
5.680672268907563
5.6938775510204085
5.688524590163935
5.59009009009009
5.657407407407407
5.770750988142293
5.872950819672131
5.984189723320158
5.984189723320158
5.926086956521739
5.964757709251101
6.018018018018018
6.004484304932736
6.146245059288537
6.137795275590551
6.112068965517241
6.14468085106383
6.25
6.2669172932330826
6.180672268907563
6.189873417721519
6.25
6.250965250965251
6.348122866894198
6.3517241379310345
6.229508196721311
6.2343096234309625
6.25
6.25
6.246913580246914
6.255144032921811
6.281124497991968
6.265873015873016
6.266129032258065
6.295081967213115
6.314285714285714
6.327868852459017
6.297777777777778
6.303571428571429
6.360655737704918
6.360655737704918
6.430656934306569
6.434306569343065
6.388663967611336
6.3694779116465865
6.318367346938776
6.341563786008231
6.421455938697318
6.430769230769231
6.396078431372549
6.396078431372549
6.444444444444445
6.435114503816794
6.4324324324324325
6.424710424710424
6.415637860082304
6.402439024390244
6.380165289256198
6.40084388185654
6.421487603305785
6.361788617886178
6.369918699186992
6.425619834710743
6.4689922480620154
6.4423076923076925
6.37603305785124
6.461864406779661
6.483471074380165
6.483471074380165
6.475471698113208
6.484848484848484
6.496
6.496
6.515151515151516
6.515151515151516
6.6
6.603703703703704
6.591603053435114
6.566037735849057
6.536290322580645
6.50597609561753
6.5
6.504032258064516
6.523255813953488
6.573122529644269
6.614285714285714
6.614285714285714
6.544303797468355
6.610169491525424
6.622317596566524
6.639830508474576
6.647058823529412
6.647058823529412
6.713178294573644
6.691699604743083
6.700404858299595
6.695121951219512
6.706611570247934
6.710743801652892
6.680365296803653
6.668202764976958
6.704918032786885
6.711382113821138
6.718253968253968
6.7254901960784315
6.711934156378601
6.727642276422764
6.711111111111111
6.75107296137339
6.800796812749004
6.809523809523809
6.780590717299578
6.827160493827161
6.828
6.904580152671755
6.893280632411067
6.861788617886178
6.868852459016393
6.873469387755102
6.873983739837398
6.806034482758621
6.815126050420168
6.7631578947368425
6.788104089219331
6.802238805970149
6.786561264822135
6.780876494023905
6.789272030651341
6.775193798449612
6.744588744588745
6.7336244541484715
6.747787610619469
6.747787610619469
6.738532110091743
6.75
6.76824034334764
6.767241379310345
6.795454545454546
6.798507462686567
6.805054151624549
6.802919708029197
6.782258064516129
6.784
6.773109243697479
6.772151898734177
6.7844827586206895
6.782608695652174
6.780590717299578
6.781512605042017
6.780269058295964
6.778280542986425
6.727678571428571
6.727678571428571
6.7848605577689245
6.786561264822135
6.782258064516129
6.781376518218623
6.762931034482759
6.762931034482759
6.786885245901639
6.786885245901639
6.7936507936507935
6.7936507936507935
6.78
6.795180722891566
6.7907949790794975
6.7907949790794975
6.7992277992278
6.8
6.828793774319066
6.833962264150943
6.7366255144032925
6.748971193415638
6.758333333333334
6.7573221757322175
6.802469135802469
6.808
6.813278008298755
6.813278008298755
6.8244897959183675
6.821576763485477
6.814159292035399
6.811659192825112
6.776255707762557
6.773148148148148
6.76056338028169
6.77027027027027
6.835205992509363
6.841726618705036
6.805194805194805
6.799107142857143
6.867469879518072
6.8625
6.876146788990826
6.875576036866359
6.877637130801688
6.872881355932203
6.894736842105263
6.894736842105263
6.886274509803922
6.891791044776119
6.912213740458015
6.911538461538462
6.931451612903226
6.933333333333334
6.925764192139738
6.930612244897959
6.954545454545454
6.956709956709957
6.983333333333333
6.996031746031746
7.0456273764258555
7.046413502109704
7.02755905511811
7.036290322580645
7.075187969924812
7.076335877862595
7.0989010989010985
7.104868913857678
7.065040650406504
7.08502024291498
7.071729957805907
7.071729957805907
7.051282051282051
7.055084745762712
7.062015503875969
7.082397003745318
7.09433962264151
7.0984251968503935
7.108949416342412
7.132575757575758
7.116541353383458
7.12639405204461
7.132
7.145669291338582
7.155234657039712
7.140684410646388
7.150793650793651
7.158730158730159
7.1265822784810124
7.183266932270916
7.142259414225942
7.19921875
7.161943319838056
7.1687242798353905
7.18359375
7.205533596837944
7.280769230769231
7.286259541984733
7.36964980544747
7.325
7.330508474576271
7.3319148936170215
7.331818181818182
7.383259911894273
7.463963963963964
7.514893617021277
7.444444444444445
7.452488687782806
7.586956521739131
7.619047619047619
7.783333333333333
7.775862068965517
7.729957805907173
7.738589211618257
7.846153846153846
7.840816326530613
7.635555555555555
7.665271966527197
7.668103448275862
7.7063492063492065
7.747169811320755
7.718487394957983
7.700854700854701
7.720524017467249
7.712918660287081
7.68780487804878
7.78125
7.760162601626016
7.76595744680851
7.755458515283843
7.862745098039215
7.855371900826446
7.8
7.845849802371541
7.910394265232975
7.913043478260869
7.757575757575758
7.748091603053435
7.648979591836735
7.744094488188976
7.816326530612245
7.819277108433735
7.854406130268199
7.91254752851711
8.068840579710145
7.9772727272727275
