2.1328289611863283e-18
2.0420528292992066e-5
3.506983893150111e-5
4.975810750092333e-5
6.402920936441687e-5
7.83003112279102e-5
9.255649419488391e-5
0.00010684829584155011
0.00012092034801591607
0.00013499240019028237
0.00014963038465415156
0.00016374270774812308
0.00018195361205697896
0.0001998346139370764
0.000216133219525659
0.00023312808817177108
0.00025310937620521206
0.0002734138787692647
0.00029398344011063093
0.00031384297488802534
0.00033476557815350814
0.0003554597550193288
0.00037397608630125877
0.0003920748883755337
0.0004105615019990441
0.0004286186570089662
0.0004490552179481367
0.00046835299857312073
0.00048736177995206144
0.0005067231378130913
0.0005234984826597448
0.0005389078469729802
0.0005552516303992797
0.0005732251391651718
0.0005926152913569896
0.0006107840982585198
0.000628961816247662
0.000647006853464653
0.0006609908379326376
0.0006757739208558654
0.0006905370661803789
0.0007066567076090068
0.0007237074062798448
0.000741053665117265
0.0007581206466164916
0.0007747298788900908
0.0007885915256624435
0.0008028211720997436
0.0008155038390519598
0.000828431706729334
0.0008393990070320724
0.0008520589690431433
0.0008616401595468933
0.0008724233837003606
0.0008820297201102393
0.0008902409732882745
0.0008976902145994061
0.000904067915679156
0.0009104906864760789
0.0009166708580215877
0.0009228842224114031
0.0009303531097364146
0.0009364960027044471
0.0009428963712065393
0.0009513607745512029
0.0009615810889490938
0.0009720450163091634
0.000981822493575211
0.0009913567817357227
0.0010013136707768622
0.001010595729091858
0.001022902743911294
0.0010367402081185818
0.0010524036815251368
0.0010676585425819555
0.001083098252082702
0.0011010186130553622
0.0011186112600227245
0.0011333868573966085
0.0011520589583683832
0.0011712775122559758
0.001192713591592137
0.001215158427602941
0.001237768310955012
0.0012599645988799104
0.0012811391518732435
0.001302790461984568
0.0013224251583114684
0.0013415400987685233
0.001359996656007683
0.001377049136353179
0.001395830413438401
0.001415048198130867
0.0014349244207617895
0.0014538867616450425
0.0014707962985842796
0.0014869258471749244
0.0015022774640555366
0.0015176290809361492
0.0015347129153632322
0.0015504206245098315
0.0015606760158142544
0.0015720779468112718
0.0015819841196443127
0.0015917745816079248
0.00160005275459157
0.0016080163519648035
0.00161775280803235
0.0016278905211254996
0.001638247292641879
0.0016492488821282009
0.0016678975458462159
0.0016890106751334792
0.0017181359957944354
0.001748670889928431
0.0017750997217671782
0.0018022557204797987
0.001826275235740834
0.0018486553890524374
0.0018755317009493272
0.001901621320355706
0.001935267986971514
0.0019709638497419925
0.0020068880882114274
0.0020443138131068126
0.0020785928640571654
0.0021114079187716252
0.0021482826833683806
0.0021916569385757594
0.0022463627837027425
0.002306415417236416
0.0023665267381699434
0.002428984213838173
0.002498329390312808
0.002565192565181649
0.0026315737853499837
0.002697367625265572
0.0027664435429884788
0.0028382922271224915
0.0029055853182227893
0.0029702078196620686
0.0030347441890279676
0.003101167228780845
0.0031716657943477314
0.003241141612897677
0.003314670085779094
0.003388906373911417
0.003467099537738279
0.003548370086948012
0.0036380234375252515
0.0037291035234505165
0.003810103985464968
0.0038920181500948035
0.003980824105213155
0.004068208702715285
0.00415863132549101
0.004249328693852486
0.0043387505166347425
0.004429070080356502
0.00452114299519695
0.004613940844706155
0.004709715621415978
0.004803586964074036
0.0048891201361103975
0.004973538003113988
0.00505805273661915
0.005142972018294723
0.005221838711310854
0.005300501154865039
0.005378939010154785
0.005457035707327395
0.005535370138725751
0.005616726874776654
0.005700582423261526
0.0057860899376047095
0.00587433331753356
0.00596325328346831
0.006051382404705553
0.006140394648382967
0.006227867899665859
0.0063141909960731475
0.006400681434831066
0.006488212214849964
0.006576056657081476
0.006662986828797504
0.006747225306036022
0.006832807723084511
0.006919489627016309
0.007006572922851647
0.007095880828396841
0.00718483808348352
0.007271186895480932
0.007357641991623255
0.0074423374707354864
0.007527718875408167
0.00761541187208433
0.007704279561547956
0.007793512042997482
0.00788316314055181
0.007974423833187996
0.008064815320437116
0.008151129788946504
0.00823412414831604
0.008320569673128345
0.008404921639215095
0.008493109407795114
0.008584320628612953
0.008679078857246881
0.00877631130486101
0.008877673491219472
0.008979520876080758
0.009078254759716653
0.009175026364545482
0.009273384669900834
0.009371329074621841
0.009465774175342622
0.00955681401623256
0.009647922714933126
0.009740404313821732
0.009834825396950662
0.009928941705268103
0.0100232786642814
0.010111565710285814
0.010195446842727766
0.010276150251823508
0.010361657333591246
0.010446794718471127
0.010527653683610468
0.010609168076760406
0.010698370108085711
0.010780019735122192
0.010860702375722783
0.010937442195791422
0.01101203408446543
0.011086295878456895
0.0111619562471683
0.011239062025849142
0.011319179199881159
0.011403285841001988
0.011487751123739844
0.011572955313152052
0.01166468828804418
0.011752183987797349
0.011839660408097152
0.011924756557494124
0.012014091477881697
0.01210681419683889
0.012197778686828814
0.012287669595641953
0.012374919383513447
0.012458524992427849
0.012544448225794279
0.01263761456751065
0.012729038884849933
0.012817716702357672
0.012909942662153106
0.01299865832291645
0.013091242012709173
0.013175686345986521
0.013257849408166888
0.013332528141240012
0.013407640032098496
0.013470158309328172
0.013530345227396866
0.013575843017225721
0.013618743319172257
0.01366501766325066
0.013707888343606842
0.01376215651672021
0.013817010250502488
0.013864054316527617
0.013915462081343845
0.013956354443424565
0.013991746781878952
0.01402195551504312
0.01404923628305459
0.014083168073610996
0.014116603692567467
0.014148161970040955
0.014170346460653183
0.014172672911032372
0.014159886019872734
0.014144737509394201
0.014122051806188274
0.014087249062703571
0.014056677761717302
0.014026158069386185
0.013995255732115705
0.01395741708173381
0.013917960559668811
0.013883488855072833
0.013856663786393749
0.013833320589623409
0.013804042908291297
0.013769438520213326
0.013737822643795921
0.01369890041625355
0.013661835822523817
0.01361663065893149
0.013562633079469663
0.013492938483305105
0.013419014313720109
0.013355636374920037
0.013291894669337638
0.01322186331843242
0.01315580994246189
0.013085970418414599
0.013015392712981279
0.012947184036922415
0.01287615757994417
0.012803510114922416
0.012732633062389493
0.012657265300683541
0.01258525863846002
0.012521255670416115
0.012460077582676634
0.012400857297863053
0.012341687039306493
0.012285203211557065
0.012227729844713446
0.012169763504693995
0.01211451965728294
0.012056326756916773
0.011990620903589707
0.011924219794160888
0.011856223180605125
0.011784638566624641
0.011710626512154714
0.011638984466912923
0.011568980418228611
0.011501144674359667
0.011435720835017935
0.011372867906012106
0.011309946915894696
0.011247468657546233
0.011188001133301876
0.011131137136820766
0.011071450609914508
0.011014993569783435
0.010959116729888406
0.01090620747569283
0.010852647874245397
0.010805707857713991
0.010760110408149412
0.010717996354959167
0.010671711097585237
0.010615283549744118
0.010553829794724896
0.010495225427513922
0.010435104621342114
0.01037046435261256
0.010305692051022473
0.010247849123822355
0.010189112319728051
0.010128084323736661
0.010069422709961539
0.010006441318180032
0.009942684377919194
0.009872474759262118
0.009801343719267759
0.009721115741140563
0.009639285529796267
0.00956270934233337
0.009485603179356856
0.009408696622779262
0.009331891869583843
0.009255049056437835
0.009179264804186956
0.009102611340364017
0.00902369116468836
0.008941008963330435
0.008857205761402023
0.00877545236874976
0.008695628864665067
0.008619697426509086
0.008544604590721093
0.00846123492542021
0.008378330146672053
0.008296780303611103
0.008215640451506157
0.00812709557401931
0.00804201744800122
0.00795786415878807
0.00787672390484031
0.007796440837766045
0.007715767304950423
0.007633280986044997
0.007549157161933133
0.007457335398678149
0.007361974726168224
0.007267225192775212
0.007171609149009171
0.007067128195814785
0.006965178281104332
0.00686196040027282
0.006759594025043786
0.006651481929295305
0.006541975677768418
0.006438505176414847
0.006336861706907009
0.006240202089701642
0.006146046053979853
0.006051170740067291
0.0059522494408676555
0.0058536444929298305
0.005757869521754354
0.00565501955210454
0.005554928344531292
0.0054489279452124935
0.005347013551050465
0.005247737736379593
0.005152650172292505
0.005055751377783188
0.004964564579926521
0.0048722823124712385
0.004785992786728045
0.004702305453752582
0.004618582853783874
0.0045403850055835
0.00445652677348918
0.004374758991483919
0.004298437475738088
0.004218634648341476
0.004141217687575307
0.004067925704150838
0.003998397017920834
0.003929427148104508
0.0038597538198971424
0.00379374138222294
0.0037278719785081064
0.0036617778464947386
0.003605006143040603
0.0035635408843693477
0.0035253088886062797
0.0034952664919974973
0.0034722035236692647
0.003448597561727265
0.003422756243200069
0.0033989127146155716
0.0033774832904645436
0.003350674402499876
0.0033231709433632324
0.003287659036416393
0.0032508802504933373
0.0032216027967303515
0.00319518959262165
0.0031647645106637427
0.0031400452474782165
0.0031113616922723458
0.003086763752374541
0.003070386482458317
0.0030612192038108124
0.0030570060675400162
0.003050829949022333
0.0030416257694405174
0.0030348121593986722
0.0030240404120045004
0.0030140924756739745
0.003004565343959557
0.0029938976110293882
0.0029869764136671926
0.0029789825372921906
0.002967847737892918
0.0029554508239171373
0.0029458537197439554
0.0029320968691348183
0.002919135300643795
0.002902183277288314
0.0028853717466180867
0.002869746478211186
0.0028544223240684953
0.0028372843785970945
0.0028135605956896344
0.0027931574170383536
0.002782483449870155
0.0027735282663723217
0.0027625117688619724
0.0027537097547287973
0.0027561501753164998
0.002754562720823279
0.00274406225148629
0.002735051647995169
0.0027173337580710393
0.002697495790501588
0.002679495104338728
0.0026580548269785637
0.002632210909479195
0.002603891688474872
0.0025746869033338097
0.0025407252233642717
0.002504950169566832
0.002464986179001059
0.0024241084281402983
0.002379292465436682
0.002332879939159684
0.0022843798877056863
0.00223961292805926
0.002199937519660266
0.0021729021480148374
0.0021433078954266696
0.002114058068781368
0.0020860863826540595
0.002062728785966206
0.0020377377701008064
0.0020278523085985375
0.0020170077664953246
0.002002886861636127
0.001991266149659876
0.001977978919089342
0.001965673340578626
0.0019570564847657245
0.0019549772712484153
0.0019612023107504497
0.0019670955443875744
0.0019833318331428694
0.0019998047774584388
0.0020157826325564944
0.002030114491819022
0.0020515560801755693
0.0020740034326380006
0.002095786729718686
0.00212031812293745
0.0021468824188649576
0.0021709439230876426
0.0022137768314648087
0.0022623247044269877
0.002307799038246934
0.002352298816307387
0.002391049471100635
0.002428083599219832
0.002465262931254181
0.0025097623097044175
0.0025540667336381934
0.002598727201543759
0.0026424036968112938
0.002682904786504993
0.002736569113157187
0.002794014693849262
0.0028518338379407487
0.0029209267943164437
0.0030054386257651277
0.0030949615953364605
0.003184623467271021
0.0032809100145378416
0.0033682908041824926
0.0034553737207350297
0.0035445273490243593
0.003638422564078535
0.003729730409498831
0.0038236766923573705
0.003918565309972426
0.004006750894844851
0.004106540214393262
0.004213290164055157
0.004321116677202459
0.004428715633498979
0.0045305375852081565
0.004639280334907515
0.0047530175857721174
0.004873628174041314
0.0050006467195529355
0.005127003826444654
0.005252238373717008
0.005379324747698154
0.005509111105072306
0.005640528502282468
0.0057799842866380026
0.005918133258702975
0.006053534324160045
0.006186649543306393
0.006322606964863809
0.006457378607431888
0.006584953330677512
0.006712959206175395
0.006846939209191952
0.006978927659361936
0.007114432606102121
0.00725116247744406
0.007377168904932196
0.007500926230037922
0.007624628091079556
0.007750043889632409
0.007875453423730682
0.007993728849772088
0.008109511988059728
0.008221501194169737
0.008331423581343356
0.008440096062240197
0.008554134100314371
0.008668269739878191
0.008783430460021408
0.008904248315865565
0.009025374052128613
0.009150229178904195
0.009275823288301741
0.00939597996388715
0.009513515871136557
0.00963335953039378
0.00974654164687908
0.009860265528021717
0.009977538242673981
0.010092845783247614
0.0102074899775038
0.01031920766587576
0.01042927922621266
0.010542434208587964
0.01065447516547546
0.010767650443378556
0.010881790624911012
0.010995625888113132
0.011108457136271382
0.01121938651493419
0.011333598257152194
0.011443262607559707
0.011559974005954338
0.011672410044985286
0.011789152704996657
0.011900725634209165
0.012012171155480632
0.012123172815868744
0.012233460923743233
0.01234531634556658
0.012459780112799218
0.012583315013445815
0.012706359156910438
0.012821577452986335
0.012933162555704427
0.013047883993810456
0.013164305402901937
0.01326383927324405
0.013365203782914836
0.013476796906657538
0.01358579782060889
0.013705595814067677
0.013826064495348294
0.01394277735323801
0.014066748381505467
0.014192829947168199
0.014323574175857829
0.014461466693399476
0.014600221710361155
0.014743017066460857
0.014889234886227714
0.015040094660077935
0.015191610527762368
0.015339822538457192
0.015491637998640756
0.015643955527962952
0.015797274080608752
0.015937347116682835
0.016079147066819885
0.016222851979078603
0.01636648416359145
0.016503001664746754
0.016639696571132567
0.016753962627384322
0.016871236493154213
0.016990645368934736
0.017107721915434138
0.017226028674185632
0.017346530303771118
0.017459632213069762
0.017570607391452164
0.0176694357119223
0.01776227473658602
0.017839631522583894
0.017914967281530036
0.0179947146649493
0.018079870276913865
0.018151091063932544
0.018221651331274367
0.018298482982649272
0.018373588319184096
0.01844411684698826
0.018516391816700152
0.01855212997680497
0.018575827500615056
0.018607357059521986
0.0186478070082505
0.018698665768069594
0.01875397140491889
0.018806156079810024
0.01884790816522866
0.01888989613559898
0.018930154352604634
0.01896802506397511
0.019012817042876277
0.019033452042676435
0.019049236550894577
0.019067273550635346
0.019072664741539708
0.019052006483675776
0.019020943867983562
0.01899103036002591
0.018954461299547032
0.01893496949075285
0.01891729426248245
0.018896818076532332
0.018872251006855318
0.018851537298459554
0.018818283818338676
0.018780972745531442
0.018752626125936735
0.01869910414582376
0.01862920958127016
0.01855837959296268
0.018490798935479363
0.01843279477226238
0.01836837126510646
0.018293999624579185
0.01821004877744915
0.018115566709931932
0.01802193555203329
0.017932697317677226
0.017841044246516204
0.01774450897004958
0.017648063459767105
0.017539069834632336
0.017430627202723634
0.017325229608839077
0.01721823303621529
0.01710291822856242
0.016987636526886767
0.016881834927234808
0.01677159889849001
0.016655223834634292
0.016540012637672286
0.016416600350577158
0.016294504566649777
0.016186053245582258
0.01607755060580578
0.015968119738446692
0.015860350952322983
0.01575270529578028
0.015645758808678377
0.01553832212268948
0.015430803787253564
0.015324070761496377
0.015215349599990517
0.015103167997086789
0.014992113235480484
0.01488277770758113
0.014770373705050353
0.014653786035927785
0.014539492122988213
0.014420089549454625
0.014302896442601892
0.014189774083110446
0.014077321936485554
0.01397136887667239
0.013866214084014599
0.013754029042444037
0.013640523937002111
0.013529893454407613
0.013420933866375004
0.013309691318397232
0.013199126009114626
0.013089378761968652
0.012979866460288267
0.012870684910268727
0.01276347943681688
0.012658336214072155
0.012553493471261157
0.01244643663750298
0.01234936618468512
0.012248222857887892
0.012144140336735384
0.012035674798163736
0.011933072832693337
0.011835702902328821
0.011734931184785182
0.011633279088937005
0.011528882361854167
0.011425026600987504
0.011315810264423201
0.011205539349278641
0.011097194146626695
0.010989661415669321
0.010881509933496094
0.010767986183915293
0.010662434462234555
0.010557861151777988
0.010451552108243198
0.010348465171839946
0.010242152062805907
0.010136259252004464
0.010032225897496812
0.009923797718557422
0.009812933855610832
0.009696517443037901
0.009576344710283544
0.009460855597230828
0.00933801582374364
0.00921516619924212
0.00908670392700011
0.008960071247413796
0.008834662403306376
0.008703399457516317
0.008572788241821772
0.008442419955141566
0.008320395231156756
0.008196947693259677
0.008075686289105512
0.007954842608484856
0.007838030569453541
0.007718229696310165
0.007607985701812058
0.007498031608322391
0.007390966142109281
0.007288174277523007
0.007181187235859373
0.007074949801477728
0.006976086924768151
0.006876606187424846
0.0067891501404778575
0.006706400759266685
0.006625971591941103
0.006546954441480991
0.006465434286384894
0.006381650824773428
0.0062976621444687875
0.006214863863898533
0.00612796021079161
0.006043555967284376
0.005967469203057057
0.005888886478357161
0.005830670102296921
0.005777531364330987
0.005719193771993753
0.005656378262713207
0.005592970639129334
0.005525982443299353
0.005462103888524625
0.00540475412240156
0.005352738789406757
0.005300648327030999
0.005248213117117445
0.005194730826343811
0.005155125608564421
0.005116733643609791
0.005069955452270485
0.005027105725413996
0.004991957319985153
0.004965636509530039
0.004941839338125308
0.0049228488230742724
0.004896874758496805
0.0048732603177424625
0.004857761107617526
0.004839475264522258
0.004819709036634409
0.004810451071857031
0.004796618382609389
0.0047756861311760886
0.004766232824430579
0.004768059132779452
0.004767296661675213
0.004757112155138779
0.004746808184413781
0.0047402500087175775
0.004745558610531794
0.0047568512299756595
0.004770191761387711
0.004779420270291571
0.004788529009625147
0.004799063688805392
0.0048072288984891895
0.004816458395078868
0.0048303194632395375
0.004845119485932904
0.004854692920668534
0.0048660583832752305
0.004882308723938678
0.004895912708213473
0.004906054155323852
0.004926395026348618
0.004946499706823943
0.004964148144724672
0.004986022206474459
0.005002790831617291
0.005022716471863416
0.0050426238203563475
0.0050585017728593425
0.005073017724531214
0.00508966708737677
0.005107655718672959
0.0051197978936385015
0.005132969163411186
0.005140526789118153
0.0051501053010735145
0.0051627643419386695
0.005168089583437038
0.005167983643007319
0.005169080086145778
0.005173218340854242
0.0051712984449393705
0.005172642988350035
0.005174908801113023
0.005171565589668941
0.005166959339101528
0.00515722898656928
0.005145636681486073
0.0051368961233667874
0.005129008904867575
0.005120751157041615
0.005108203916336488
0.005099635627824511
0.0050864253982947265
0.0050743424161665725
0.005062236617790388
0.005048864299950501
0.005033451939630298
0.0050164533284805645
0.004997426847852074
0.00497794604276839
0.004951064555922114
0.0049251739130794
0.004902343824084043
0.00488018851509545
0.004853271773509538
0.004822823911831163
0.004793267213127311
0.0047638306968529175
0.004737720957141902
0.004710404662685041
0.004684665376120533
0.004659998051323515
0.004636248064386206
0.004614751241329484
0.004592384748908132
0.004570962086321927
0.00454860396292144
0.004523650802196689
0.004496270334598002
0.004466339731095475
0.004436451601858885
0.004403261989207794
0.00436920057047168
0.004333615604373102
0.004299283718495741
0.004266983781558366
0.004233584483494164
0.004196751748672947
0.004165545071223128
0.004129025716526543
0.004096901047454162
0.004059201489027143
0.004024529619094125
0.0039925339424574935
0.003958291977054586
0.003921548808796875
0.0038781831941520238
0.003834749508048117
0.003784207469530016
0.003735651059583243
0.003686296017933427
0.003635429625600193
0.0035851222073018546
0.0035322061406017286
0.0034722424662304223
0.0034043690042158763
0.003342938223452559
0.003280628758240227
0.003208413312674582
0.0031371164733902898
0.0030519016334662765
0.0029663985126757
0.0028870921084798826
0.002806573691965792
0.0027199788263310757
0.0026331250909400776
0.002562652157409861
0.0024879023965087717
0.0024131511059748765
0.0023346570276693043
0.002249060798316222
0.0021706481639868144
0.0020912763060571865
0.002010010399048054
0.0019299976489328759
0.001851130339946608
0.0017638171288200523
0.0016789141662434486
0.0015922196749857224
0.0015057025269515068
0.0014092938190755733
0.0013138562968119973
0.001223275745806388
0.0011272169562722221
0.001025999575631758
0.0009261587750109308
0.0008399497459628625
0.0007559987176820776
0.000680800649035175
0.0005950387853745978
0.0005028474436892907
0.0004117104054293488
0.00031765561826034734
0.0002180778274487706
0.00010470830227941272
1.3423778148086152e-17
