-5.739384463173179e-21
-3.733465999714823e-21
2.0947938161605644e-22
-2.4271560818880953e-21
1.2360159998116865e-21
-3.55010580459313e-21
2.1759561205023962e-21
1.4406571965469296e-20
2.396597023953774e-7
4.7294547653555507e-7
4.7294547653554697e-7
4.729454765355467e-7
1.1680828100311393e-6
1.868905879157008e-6
1.8689058791570116e-6
1.868905879157e-6
1.8689058791570103e-6
1.8689058791570122e-6
1.8689058791570116e-6
1.868905879157024e-6
1.8689058791570275e-6
1.8689058791570162e-6
2.343043452544611e-6
2.8171810259322245e-6
3.386761877079671e-6
4.171331578905322e-6
4.856948628264207e-6
5.5477479682456055e-6
6.201998802919114e-6
6.654140303314506e-6
7.420214111844702e-6
8.186287920374899e-6
9.545898507650922e-6
1.0902827211995537e-5
1.2782774053143938e-5
1.466364800133033e-5
1.9096077709993664e-5
2.3528507418657096e-5
2.5878028429640317e-5
2.822754944062347e-5
3.004653344912664e-5
3.1865517457629785e-5
3.427528259709977e-5
3.716700076446372e-5
3.9626312476894786e-5
4.209717025370336e-5
4.536317109166583e-5
4.817757059145327e-5
4.9967681837916685e-5
5.17577930843801e-5
5.198621873822577e-5
5.221464439207136e-5
5.221464439207137e-5
5.2214644392071385e-5
5.265990048890752e-5
5.3105156585743626e-5
5.4032929836311816e-5
5.496452677698792e-5
5.567190944696133e-5
5.63792921169348e-5
5.740400533044776e-5
5.842871854396073e-5
5.865478929415843e-5
5.888086004435607e-5
5.9595931656394496e-5
6.031491076358064e-5
6.056269452368431e-5
6.0810478283788004e-5
6.147165002557217e-5
6.213282176735639e-5
6.286378385966229e-5
6.359474595196815e-5
6.45870021858675e-5
6.557925841976691e-5
6.726211563155248e-5
6.894497284333801e-5
7.02607046094886e-5
7.116268424791893e-5
7.164398774343029e-5
7.253000240077077e-5
7.371534633423978e-5
7.487971072906332e-5
7.572312852787779e-5
7.655851377622737e-5
7.804521633684952e-5
7.950714052146133e-5
7.992884942086864e-5
8.032755601667184e-5
8.05571776163491e-5
8.078679921602638e-5
8.078679921602635e-5
8.07867992160263e-5
8.078679921602635e-5
8.078679921602634e-5
8.130277245765405e-5
8.133105787976249e-5
8.136959612336374e-5
8.182883932271818e-5
8.207249335348687e-5
8.23260062178704e-5
8.23260062178704e-5
8.232600621787037e-5
8.232600621787043e-5
8.232600621787045e-5
8.250874674094689e-5
8.269072900459157e-5
8.269072900459154e-5
8.269072900459154e-5
8.26907290045915e-5
8.269072900459147e-5
8.269072900459151e-5
8.26907290045915e-5
8.269072900459157e-5
8.269072900459155e-5
8.269072900459154e-5
8.269072900459158e-5
8.26907290045915e-5
8.228651033603529e-5
8.207993929913694e-5
8.188777869643667e-5
8.148907210063343e-5
8.148907210063344e-5
8.148907210063347e-5
8.148907210063345e-5
8.15440966314317e-5
8.15029247647272e-5
8.225527284472993e-5
8.306655152653452e-5
8.612131847945463e-5
8.922236978014628e-5
9.226452415274882e-5
9.532436546937813e-5
0.0001005968789220763
0.00010589836222891018
0.00010912998411068367
0.00011246698496686265
0.00011828484651786863
0.00012413254325631582
0.00013493493870911214
0.00014524137391435215
0.0001618450145677607
0.0001786211937354369
0.00019842790849469317
0.00021832632100746467
0.00024641951847212407
0.00027327513014538906
0.0002989777972050752
0.00032409631274067755
0.0003559928404049345
0.00038867114570802127
0.0004189689947514249
0.0004509672332819583
0.0004842047024119213
0.0005172937899832681
0.000558275599092877
0.0005990901355122429
0.0006437040287322921
0.0006893006068250296
0.0007333595145906233
0.000777762633937699
0.0008207360953035976
0.0008637663165865102
0.0009006991380924925
0.0009372863315897285
0.000974127721420938
0.001011720057596669
0.0010599017842444376
0.0011080633052795458
0.0011607662863886599
0.0012137300651108242
0.0012684987370026213
0.0013249187256348751
0.0013874602355953974
0.0014490534704091446
0.001512978080954517
0.00157671180494437
0.0016424034631100414
0.0017083346373259407
0.001777296855363284
0.0018467194978953588
0.0019132547325565595
0.001979382493182084
0.0020479848980423055
0.002115987977861261
0.0021851793211800238
0.0022534917336856156
0.0023195401196301453
0.002380458734837883
0.002442086658021015
0.0025083279923306715
0.0025769227168615386
0.0026468461157702254
0.0027176163402264086
0.0027873361203044986
0.002859932956518234
0.0029332330325771284
0.0030032522254691664
0.0030711256188607964
0.003141445564086176
0.0032155410723659957
0.0032869714836311257
0.0033620473818617093
0.0034339352834280327
0.003506619683029153
0.0035783140471512104
0.00364839330901051
0.003717577151587615
0.0037868220551705713
0.003861704953549658
0.003935725476135679
0.004009704229459283
0.004084769571632868
0.0041617012187388945
0.004240741204776765
0.004319882713327458
0.004398375119534841
0.004476113940168473
0.0045551343359069305
0.0046327667166713256
0.004710221993941484
0.004787034530421875
0.004863736819307837
0.0049408455438536385
0.005018241530097792
0.0050952799465279275
0.0051713509131300125
0.005245993388325094
0.00532125507275414
0.005398486610729289
0.005476868107886011
0.005554385661194857
0.005631003632078117
0.005708930019608655
0.005787142406773968
0.0058658434681940624
0.005943381829761582
0.006021604433930284
0.006101133771077318
0.00618033609798808
0.006260382816735841
0.006342156808920898
0.006423301814224071
0.006504256588241506
0.006586489823625916
0.006668395063199683
0.006748945919730568
0.0068291805210120874
0.006909951441944001
0.006991027833725694
0.007072701941629021
0.00715449813701691
0.0072368013581335655
0.007319104579250216
0.007401407800366874
0.007483179914805208
0.0075647914908400895
0.007646210531422968
0.007728177639832023
0.007809594375006947
0.007891011110181872
0.00797331944441138
0.008056005339807088
0.008138932829580482
0.00822186031935387
0.008303952985105152
0.008386045650856426
0.008468251337418266
0.008550457023980105
0.008633380882968408
0.008715504731710795
0.008798464933156875
0.008882176705500728
0.008965506384023596
0.009049234769142274
0.00913343420002814
0.009216917253849577
0.009300321208169707
0.009382153669468289
0.00946394678616783
0.009541897892877163
0.009619774259234673
0.009697399167021803
0.009775307781548311
0.009849149717620728
0.009922948507265316
0.010001068019897166
0.01007876792826811
0.010151699972591733
0.01022431139867302
0.010287013427325612
0.010350194735201431
0.010400751728128314
0.010452334954661531
0.010497857110011577
0.01054240206486748
0.010570557449819626
0.010601473105328786
0.010634694650065115
0.010669623202306753
0.010690995730291086
0.01071033683735302
0.01073366887768279
0.010753651094813998
0.010771914838929078
0.01079030443121201
0.010792908580418422
0.01079605805739267
0.010791608820765554
0.010784686791661627
0.01078040119109177
0.010774604358409101
0.010770799948816221
0.010768048200215595
0.010777094543102326
0.01078489122390355
0.010793029804562135
0.010801955838722581
0.0107913586042576
0.010780720563007688
0.010761351287252264
0.010740665155341451
0.01071593433185906
0.010688687657661339
0.010649139317933877
0.010610943181943973
0.010568071267443614
0.010525497387745083
0.01047900763969492
0.010433723146931952
0.010382376566526104
0.0103300905716244
0.010283579392464461
0.010236741100864533
0.0101849535207952
0.010134361011482499
0.010081391975170176
0.010029033917368216
0.009982721274433668
0.009940390671362863
0.009896669721593457
0.009848784586231247
0.00979711264923594
0.009743745949719444
0.009688039357918466
0.009634645383418405
0.009574583358334759
0.009514878886722873
0.009461526427941827
0.00940973042762614
0.00935378605688919
0.009291464439183343
0.009234292148044892
0.009175255313861784
0.009122398547207311
0.009067978948430226
0.00901553942061127
0.008966253322294991
0.00891817343408386
0.008868744750143584
0.00880882473092032
0.008750050934409902
0.008694739229408513
0.008638692907450745
0.008579863750631817
0.008519253194816072
0.008459182702375096
0.008399962713301828
0.008340629933333454
0.008281354915747278
0.008224026685399477
0.008165717155213498
0.008110701392836608
0.008053932649684143
0.007994340312202173
0.007933407876514994
0.007873620964035863
0.007813538083572298
0.007756693557449157
0.007701451097323136
0.007644291397984959
0.007585894805566657
0.007532972888207454
0.007482065994868837
0.007429022899475782
0.00737681154237116
0.007327318944663885
0.007280303970771168
0.007236916271656277
0.007191936356771459
0.007144644151363546
0.0070970945222771035
0.007046407126899037
0.006996155410790235
0.006945636723193486
0.006894792359982158
0.006847806441781931
0.006803702938420726
0.006754455863811842
0.006706740337384692
0.006662691384918848
0.00661708760134748
0.006568205495255863
0.0065194650442122505
0.006472078341145087
0.006427442502633093
0.00638109586255614
0.006331303577961585
0.006287720389764927
0.0062439563409218985
0.006208079444498864
0.0061780306901435935
0.0061490564718031885
0.006115847871871754
0.006084883039779061
0.006056155271959181
0.006025431727262333
0.005996864702400223
0.005970494004588504
0.005944464770035613
0.005918230390628326
0.0058903546864078875
0.0058632624010514925
0.005835987603658077
0.00581038901283365
0.005783968496920881
0.005759602392883055
0.005739961354732734
0.00572072611842903
0.005702977241528957
0.0056862541753046015
0.005667672464325268
0.005646027459003942
0.005628533185652579
0.005612537788408797
0.005598191283904146
0.005580953689125337
0.005561866809595979
0.005541576841281558
0.005523220492392283
0.005507076946176904
0.005498116164946533
0.005491662077779832
0.0054917349664047556
0.005493764973039568
0.005499958984662697
0.005504776008590275
0.005522464269645798
0.005536438432987872
0.005549986179317466
0.0055624785996423644
0.005581320640377889
0.005599298333059544
0.005619145338875665
0.005638767689530553
0.0056575823191545
0.005680181718575053
0.0057108985089951575
0.005739718885685618
0.005773116481810197
0.005812017456620311
0.005851116264473827
0.005891223496322471
0.005932370314829413
0.005973718184394544
0.006009860630633229
0.0060473160622796255
0.0060832840939234025
0.006117682458752186
0.006159359189415712
0.006201477134981755
0.006247433169336813
0.006297570220527192
0.006350747001253469
0.006404649081527404
0.006464789928876012
0.0065222617463052465
0.006582090993560481
0.006643234172318022
0.00670633528525138
0.006767381970301972
0.006831459699174009
0.006894461193500639
0.006954575279956389
0.007016711123531927
0.007081342615390329
0.007143042878192167
0.007205931404493812
0.007268030207971066
0.007324987005359983
0.007379413502873717
0.007434645646060893
0.0074921653019680125
0.00755019839047768
0.007610361920454065
0.007672664758356936
0.007730948718339958
0.007792009798971629
0.007852259060348912
0.00790960076130755
0.007967240438543648
0.008027835530456157
0.008093770102047817
0.00815720069038476
0.00821875916462895
0.008277521493808638
0.008338521837049707
0.008398555024450588
0.008454846243129312
0.008511383796690017
0.008569914147270949
0.008632520569085717
0.008696580215517466
0.008753813399387564
0.008806456412357482
0.008859066180252395
0.008912718496664354
0.008964986118788305
0.009015501872875852
0.009068488335494267
0.009118640567200652
0.009169249942598445
0.009222010583854655
0.009270111911861998
0.009322343298628012
0.009379002567073517
0.009435442314911266
0.009490663725774976
0.009547847297466059
0.009602839634697295
0.009653393602107888
0.00970283633185999
0.009753201975250318
0.00979462563573805
0.00983327142638486
0.009872348289353305
0.009910067697119445
0.009940915693528415
0.00996834389326378
0.009986551399341617
0.010007838435171
0.010034823091969805
0.010060510805882177
0.010087277335200664
0.01011572257819224
0.010145272458016915
0.010171286581527205
0.010190567802447262
0.010206582892643087
0.010234682689457484
0.010257725247325808
0.010271937377802132
0.010288992030083653
0.010312347893977076
0.010334559861055798
0.010354064332181617
0.010368019697024448
0.010386989985032164
0.010412434494439066
0.01042604145044393
0.010439196530834593
0.01043822842608767
0.01042530109610126
0.01040754989692135
0.010397282990123633
0.010381803764515352
0.010362163780808249
0.010349019822921423
0.010331200947920356
0.010308650356386824
0.010285632063275648
0.010261475870596719
0.010242452197513713
0.01022002538958256
0.010196661734950502
0.010169763869834281
0.010142699505710782
0.010110180405519567
0.010069083478000349
0.010027602694983486
0.00998508099197046
0.0099404777790849
0.009902720912765738
0.00987023661969001
0.009830559994337391
0.009787670221042934
0.00974519120421958
0.009708507927811482
0.00967082395380079
0.00963662245241128
0.00960308878382365
0.009566306032464576
0.009525167609361292
0.00947841058744218
0.00943055225968958
0.009376141194792117
0.009319897655427602
0.009268941713590589
0.009209208730394342
0.009153573474119457
0.009096314809572133
0.009038340235052488
0.008981319065890706
0.008929376781952809
0.008871290927167125
0.008816890935609074
0.0087641219389696
0.008703783239763112
0.008643961415893981
0.008587526105796554
0.008530368675740436
0.008465514062160543
0.008398788901735989
0.008332390139115207
0.008263880358699096
0.008192904856687671
0.008120666593958437
0.008048588525788804
0.007977535358941612
0.007906651976864682
0.00783676469042123
0.0077661982169782
0.007695858802579273
0.007620064732523638
0.007542679397526526
0.007464785748618259
0.0073869759772003775
0.007311870067128759
0.007236965964404533
0.007158826224103517
0.007080897506263721
0.007003102604252489
0.0069246248190379675
0.006849264455051069
0.006773982200951812
0.0066956980045349695
0.0066174292888991045
0.006541864201867342
0.0064661129195165475
0.006391467729192466
0.006318134017002426
0.006244665542444928
0.006170996609191269
0.006096824818669869
0.0060233756389692075
0.0059480878513997965
0.0058721371244777314
0.0057985341733501495
0.005725463142993964
0.005652308861788486
0.005579050762546681
0.005505142373213528
0.005430624630990803
0.0053545655758543195
0.005278587664709117
0.0052051795941812995
0.00513163338141821
0.005056240496915465
0.004980764805549519
0.0049075468916866824
0.00483371877637486
0.004758396577320946
0.00468379403924335
0.0046066834773054776
0.00453306583022746
0.004465787175910579
0.004399449229619965
0.004331183725397684
0.004263602216438476
0.004196920474959466
0.004128635906230018
0.00406287142288952
0.003996132507543816
0.003926504582761174
0.003858874642921996
0.0037883355665172852
0.003715748430030233
0.003645165111872956
0.0035749370586617008
0.0035031237624910767
0.003431941106025815
0.0033631534011834925
0.003295235508673094
0.0032266799003917656
0.003162413920204768
0.003099755546164155
0.003037528979517244
0.0029759828428505644
0.0029179731170025846
0.0028607643259070635
0.002808682201646649
0.002756077452808429
0.0027004421643373492
0.002646150212631198
0.002592222732417519
0.0025378260839107867
0.002482958701036773
0.002430176493116596
0.0023805652548633104
0.002331674424647817
0.00227640543228821
0.002223976596281184
0.0021761829753343593
0.0021260585833909164
0.0020725936463180336
0.0020209888035456584
0.0019707219527095913
0.0019234966421046412
0.001873638288042572
0.0018219871296573879
0.0017759409820610886
0.0017303758555302705
0.0016917657638942758
0.0016583906037893376
0.0016277322015129207
0.0015938271195333042
0.0015626144649445702
0.0015323379132086568
0.001498407217604483
0.0014678981749231136
0.0014400486293174055
0.0014132176154121722
0.0013872479003060306
0.0013585528251361125
0.001330819970471807
0.0013017728449913274
0.0012753040400144057
0.001250045474741896
0.001227752296735326
0.00121055271481342
0.001193701932513091
0.0011774467738549096
0.001162436641890098
0.00114494441291192
0.0011262166137708672
0.0011098348716247293
0.0010937222076143351
0.0010775597466210352
0.0010584926750476856
0.0010394964624522547
0.0010183177432587108
0.0009970520566735155
0.0009765777465453203
0.0009586467403994755
0.0009441909771013877
0.000930623972382931
0.0009202600180532126
0.0009096129305720479
0.000895906829377165
0.0008859252634701973
0.000874026899014813
0.0008626633391226794
0.000851990304788402
0.0008415757729220108
0.000827762366387534
0.0008168984560138292
0.0008046841455243018
0.00079404661839685
0.0007870384368675988
0.0007791490848061655
0.0007687400287765865
0.0007582416408789187
0.0007513868540945876
0.0007454043958955233
0.0007386507782183364
0.0007308777182942048
0.000724883299813646
0.0007198247117154648
0.000715387535744746
0.0007111911324631481
0.0007098724982598626
0.0007130230543177321
0.0007188471636192572
0.0007256702308276235
0.0007335517569783014
0.0007402158765985981
0.0007468140604317863
0.0007519106801227558
0.0007571740896192266
0.0007621534989924969
0.0007689632240458518
0.0007736351079904981
0.0007784856974645681
0.0007850918997944514
0.0007906702585041767
0.0007960923974386147
0.000800726986152392
0.0008042694167946944
0.000804670115062101
0.0008046988252778242
0.0008050699824112211
0.000806763858243147
0.0008090949028368616
0.0008112885728179951
0.0008145751167174952
0.0008190007708349612
0.0008216758942028768
0.0008242370741610337
0.000825510848955878
0.0008262800764033711
0.0008272796403539861
0.0008287862015679844
0.0008305191019711467
0.0008303189778854135
0.0008299988236754465
0.0008297565100509366
0.00082852286995183
0.0008275156162013135
0.0008271805410166639
0.0008262362569255018
0.0008248247604257249
0.0008237367784520842
0.0008231184949470091
0.0008222289305082072
0.0008218650596737832
0.0008217428340230535
0.0008180246389459325
0.0008135002067825023
0.0008111742103873986
0.0008091578827197198
0.0008074616902528279
0.0008052035679129347
0.000802517500860163
0.0007994131363537018
0.0007980008988278868
0.0007969809191504825
0.0007964815739843912
0.0007960569029633332
0.0007946261080449187
0.0007939879665357628
0.0007938686257859985
0.0007927225918891024
0.0007914673538138338
0.0007908157569443649
0.0007905330650593709
0.0007899419041686787
0.0007891791557349081
0.0007893535739771188
0.0007895005601118334
0.0007901140660425691
0.0007912233669457723
0.0007921405532994742
0.0007908106995446019
0.000789128000419134
0.0007864643050246092
0.0007835768308439624
0.0007793714991605981
0.0007751575302589433
0.0007723152866240742
0.0007696906109517505
0.0007676238558225931
0.0007655982592164785
0.0007641408307979969
0.0007625745081538647
0.0007616420303049355
0.0007605859453697202
0.000757660690628025
0.0007549400355294551
0.0007517875575013365
0.0007486984253676455
0.0007433912545406461
0.0007383367835577731
0.0007329077199973895
0.0007269460776284161
0.0007229873456470968
0.0007183451700417946
0.0007127250223913903
0.0007071699791512985
0.0007031363663236956
0.0006989247079334493
0.0006933600122281255
0.0006878492165037616
0.0006802225833471219
0.0006718848991109626
0.0006629996991966758
0.0006550291369216691
0.0006507422341340645
0.0006457385428550256
0.0006400705198151282
0.0006344117104174979
0.0006273146137825717
0.0006202999879043817
0.0006124494856003764
0.0006040475513646081
0.0005946641834071474
0.0005851077801268611
0.000577734043146991
0.0005715538269873032
0.0005645833343975069
0.0005579972861231824
0.000552541501720526
0.0005470915549651291
0.0005409995432454329
0.0005363510800337917
0.0005307172739762599
0.0005236488886570924
0.0005173742113924006
0.000511939268879367
0.0005079952575210714
0.0005055060645237208
0.0005031057337588754
0.0005000767803335737
0.000497961980770131
0.0004963095829919605
0.0004940990843114504
0.0004925208500260229
0.000492680476940904
0.0004911843398787014
0.00048516695832642173
0.0004798581645067918
0.00047428436715342436
0.00046807190527617154
0.00045974725005670124
0.00045242566027738534
0.00044660300461159106
0.00044212123603360305
0.00044270189822426666
0.000442347374036572
0.0004417884340328162
0.00043890291041218197
0.00043552118362783133
0.0004287813180794051
0.00041497012093449036
0.00039626411762563716
0.00037485439090172574
0.00035720370443566204
0.0003447102906767985
0.000336078893412694
0.000331294361763668
0.00032360075061147944
0.00031345606777296784
0.00029993862578430114
0.00028752683115422457
0.000275420349594649
0.0002608829233494982
0.0002457727476015323
0.00023019560140443657
0.00022033479335834048
0.00021250684713423684
0.00020885561164573775
0.00020672531363909578
0.00020153986195518055
0.00019379061784828867
0.00018605870373328374
0.00017907048314645205
0.0001682379866959619
0.00015526935827815788
0.00014667962881369305
0.00013841882453559495
0.0001314889886977581
0.00012556824755462258
0.0001202359309038296
0.00011368621248094074
0.00010676947499393333
0.00010301403187319056
9.971521721205225e-5
9.669703905201795e-5
9.453879669111248e-5
9.122996589096887e-5
8.728272960781887e-5
8.491249126812586e-5
8.209548973789041e-5
7.879653902435245e-5
7.615678677291694e-5
7.421240734462769e-5
7.188267980477209e-5
6.927425334149957e-5
6.902043949644763e-5
7.035414712683717e-5
7.055679143842937e-5
7.014555635482438e-5
6.899791599873929e-5
6.872358121706418e-5
6.766649873893734e-5
6.703155224662021e-5
6.614342814663069e-5
6.469413505819765e-5
6.509446000569144e-5
6.556084236707722e-5
6.565562258864133e-5
6.43561344245419e-5
6.171707648089206e-5
6.014647189053367e-5
5.821768215517029e-5
5.5914173760778654e-5
5.3998011995391754e-5
5.226468294183812e-5
4.9861254463820155e-5
4.568212462078403e-5
4.251741952709834e-5
3.865784420871985e-5
3.479487235469534e-5
3.096726278701896e-5
2.7195422215773858e-5
2.3974966100435882e-5
2.1082704787071263e-5
1.857027181855e-5
1.583127577673213e-5
1.2614900455160459e-5
8.497486926244483e-6
4.062241786490502e-6
-4.825546700507749e-18
