-1.281048983259088e-18
-1.3069409854199424e-18
-1.3021743215329936e-18
-1.2934501626507602e-18
2.068760638588733e-7
6.225891021371241e-7
1.4953796601143067e-6
3.0459053104601493e-6
4.281334198864517e-6
4.916953409565322e-6
5.137343990160116e-6
5.357734570754894e-6
5.579238235090085e-6
5.579238235090125e-6
5.579238235090142e-6
5.579238235090168e-6
6.589784906480758e-6
7.591102841146388e-6
9.806139484497582e-6
1.2010045290445021e-5
1.4765504486571956e-5
1.7535466099520607e-5
1.9047801462912156e-5
2.0646781039831286e-5
2.0858654110064893e-5
2.1068499686803476e-5
2.1068499686803506e-5
2.1068499686803503e-5
2.1240490767346046e-5
2.1412481847888623e-5
2.141248184788865e-5
2.141248184788866e-5
2.1412481847888674e-5
2.1412481847888664e-5
2.166026560799237e-5
2.191232150189099e-5
2.1912321501891014e-5
2.1912321501891037e-5
2.1912321501891048e-5
2.191232150189107e-5
2.209133262653744e-5
2.22703437511838e-5
2.2491847415518913e-5
2.2713351079854025e-5
2.3500036739734805e-5
2.4286722399615615e-5
2.485141414474465e-5
2.5416105889873694e-5
2.6115963212294254e-5
2.6417113938911614e-5
2.6707272142140146e-5
2.7396136941171873e-5
2.7396136941171917e-5
2.7396136941171906e-5
2.7396136941171923e-5
2.739613694117195e-5
2.7396136941171967e-5
2.7396136941171998e-5
2.762104835418922e-5
2.7402952438536184e-5
2.6959945109865956e-5
2.653823621045874e-5
2.611652731105153e-5
2.6116527311051563e-5
2.6116527311051576e-5
2.611652731105159e-5
2.6116527311051617e-5
2.5680132032063025e-5
2.5243736753074464e-5
2.5243736753074488e-5
2.5243736753074468e-5
2.5243736753074488e-5
2.5243736753074495e-5
2.524373675307453e-5
2.524373675307455e-5
2.4789252550604598e-5
2.456201044936963e-5
2.478925255060458e-5
2.4789252550604594e-5
2.4789252550604588e-5
2.478925255060457e-5
2.4789252550604574e-5
2.4789252550604574e-5
2.4789252550604577e-5
2.5007450190098887e-5
2.5225647829593162e-5
2.545647796400554e-5
2.5687308098417916e-5
2.615387964669827e-5
2.662045119497863e-5
2.7074959675450854e-5
2.752946815592313e-5
2.8346325560597875e-5
2.8713360139238273e-5
2.8263537313203916e-5
2.8263537313203906e-5
2.826353731320396e-5
2.8263537313203964e-5
2.8263537313203974e-5
2.8263537313203987e-5
2.8263537313203957e-5
2.8263537313203926e-5
2.8462890611105514e-5
2.866224390900709e-5
2.866224390900708e-5
2.866224390900709e-5
2.8876184033584415e-5
2.9090124158161777e-5
2.9090124158161766e-5
2.9090124158161743e-5
2.9090124158161753e-5
2.9090124158161794e-5
2.9090124158161794e-5
2.9090124158161763e-5
2.9090124158161797e-5
2.909012415816177e-5
2.9090124158161763e-5
2.8586012370364638e-5
2.8090444850157247e-5
2.809044485015734e-5
2.809044485015732e-5
2.8090444850157325e-5
2.8090444850157342e-5
2.8090444850157243e-5
2.8090444850157223e-5
2.8090444850157142e-5
2.83054337008353e-5
2.8100731398036396e-5
2.816160100937414e-5
2.5448257607340954e-5
2.2423586880557923e-5
1.6883663654660694e-5
1.1372745262406867e-5
6.964933650512105e-6
2.534860363809816e-6
5.322244944785896e-7
-1.488868848302647e-6
-1.4888688483026793e-6
-1.4888688483026342e-6
-1.4888688483026266e-6
-1.488868848302605e-6
-1.4888688483026215e-6
-1.258038713890274e-6
-1.0272085794778771e-6
-1.0272085794779008e-6
-1.0272085794778922e-6
-1.0272085794779087e-6
-1.0272085794779409e-6
-1.0272085794779498e-6
-1.0272085794780006e-6
-7.90139792784254e-7
-5.530710060904641e-7
2.4920446107452955e-7
1.051479928239546e-6
2.081004001909795e-6
2.696775947859789e-6
2.971006817648399e-6
2.3310826480390742e-6
-5.8762292571156944e-8
-1.81841370929841e-6
-2.3736076321145783e-6
-2.0983442947186836e-6
4.1757514218303987e-7
2.9312684116040476e-6
4.393192596215825e-6
5.855116780827583e-6
8.349395010497011e-6
1.0843673240166464e-5
1.3925567467185898e-5
1.700746169420532e-5
2.254091304717509e-5
2.8074364400144898e-5
3.285884354978339e-5
3.764332269942192e-5
4.032351703787688e-5
4.300371137633178e-5
4.678838819943841e-5
5.057306502254509e-5
5.2681609519581345e-5
5.444617185553236e-5
5.710100853467659e-5
6.009982737490599e-5
6.217729858461749e-5
6.425476979432897e-5
6.753823587741432e-5
7.082170196049965e-5
7.649038757430037e-5
8.21590731881012e-5
8.89411956940321e-5
9.572331819996302e-5
9.977952403009981e-5
0.00010347770761094378
0.00010656916939275754
0.00010957564609519371
0.00011324430053574413
0.00011578259098520328
0.00011732706745252848
0.00011931553174935702
0.00012208005847044813
0.00012457425403695634
0.0001287169658520498
0.00013288166271392096
0.0001369339372301298
0.0001423639413444021
0.0001491960493428392
0.00015602815734127616
0.0001618914896324999
0.00016775482192372357
0.0001740202112863454
0.0001802856006489674
0.00019005127256517204
0.0001998169444813769
0.00021099223031566876
0.0002221675161499608
0.00023150604326078894
0.00024084457037161703
0.00025078277418818975
0.00026072097800476255
0.0002685411814042382
0.00027636138480371367
0.00028279078959467653
0.0002892201943856393
0.00029327640021577613
0.0002973326060459129
0.00030002199487609495
0.0003027113837062769
0.0003061873462177605
0.00030966330872924394
0.00031325166809147295
0.00031684002745370195
0.0003203486454967702
0.00032385726353983876
0.00032731403008473347
0.0003307707966296284
0.00033434291907166616
0.00033791504151370414
0.00034224666872736855
0.0003461166356722082
0.00034993377789493025
0.00035327943728991605
0.0003552864769110104
0.00035773935156712815
0.0003601315911419473
0.0003618204312976248
0.0003639094021828828
0.0003671890805488201
0.00037027454867714655
0.00037336001680547275
0.00037736732167699746
0.0003813950719815404
0.0003865669735780442
0.00039173887517454794
0.00039809209709832814
0.00040444531902210845
0.00041131193261649725
0.00041817854621088594
0.00042382359999305013
0.0004290407735260598
0.0004341753365159158
0.00043973777975492637
0.00044295149240213374
0.0004461652050493403
0.00044844084175180214
0.000450716478454264
0.00045248850776894486
0.0004542605370836259
0.0004550038883639371
0.0004557472396442482
0.0004581800664212691
0.0004606086210644954
0.0004649745484936529
0.0004693404759228103
0.00047510463413642253
0.0004808687923500345
0.0004863257443755441
0.0004917826964010534
0.0004962352573694144
0.0005002578406364187
0.0005059010408030247
0.0005110070146608719
0.0005170624607389256
0.000524000494107062
0.00053095911490064
0.0005379032332773964
0.0005454379123531984
0.0005529837222664047
0.0005584998060653128
0.0005640251186009456
0.0005673262377274884
0.0005706273568540311
0.000576031626351648
0.0005814358958492655
0.0005865956282655423
0.0005912937004129945
0.00059587567858108
0.0006009193170179905
0.0006033768619835017
0.000605834406949013
0.0006087977667826857
0.0006117611266163582
0.0006142508664940817
0.0006162664687984173
0.0006183596127199576
0.0006193223432805557
0.000621411074496824
0.0006230453085000817
0.0006244632299874436
0.0006259377227038734
0.000629746819737512
0.0006350225530360467
0.0006391595703137034
0.0006426871016366481
0.0006466919608832242
0.0006462155079307884
0.000644510676356973
0.0006455738939457816
0.0006472782477690477
0.0006469178935021984
0.0006465730962175087
0.0006450530669381189
0.0006445850869955547
0.0006392139928010894
0.0006316758726097301
0.0006256356968250333
0.0006212735917860173
0.0006211200563693688
0.0006197467336504913
0.0006161644459623104
0.0006131137670685332
0.000613415352826897
0.0006140414919529551
0.000612887082392627
0.0006108170022230655
0.0006105896173145401
0.0006110734727885964
0.0006091453385159057
0.0006055687058182594
0.0005972216340591817
0.0005866536966129545
0.0005748131176702858
0.0005635942055749137
0.0005578271268311297
0.0005513768377871375
0.0005479984218429691
0.0005448578707949589
0.0005430884645499872
0.0005411340423637208
0.0005411672481417222
0.0005423410916510331
0.0005440888613790368
0.0005456760527808508
0.0005443649182812971
0.0005432837677723014
0.0005420287553588278
0.0005386979703986706
0.0005320283054574813
0.0005269163459405866
0.0005267424480853148
0.0005299790075100703
0.0005357431657236825
0.0005398997167154702
0.0005369355440125961
0.0005342180635853848
0.0005286600568927366
0.0005229098217665973
0.0005209219905374117
0.0005190140666686552
0.0005103435977193185
0.0005039443036630629
0.00050282930241967
0.0005044374190227429
0.0005083907375638526
0.0005114335594636697
0.0005192227792851383
0.0005264857771526785
0.0005344438517028077
0.0005404512143264394
0.000547607593720713
0.0005559543061593509
0.000563020044697348
0.0005693380107539219
0.0005758154594488169
0.0005824011542783193
0.0005890905521041688
0.0005950033349737089
0.0006044809678050824
0.0006141749568330533
0.0006248550660711115
0.0006364136050468398
0.0006506137528610405
0.0006658080066965905
0.0006842348225893842
0.0007003276206561176
0.0007208586889041996
0.0007467054603787425
0.0007788133101774217
0.0008121335583661588
0.0008487956344343463
0.0008852172970178249
0.0009148268274574241
0.0009473974305049184
0.0009710000024461167
0.0009931058458942023
0.0010202700616269635
0.001046730677484778
0.0010830614577501585
0.0011233239228070923
0.0011656377020118627
0.001203876212135975
0.0012430311625158108
0.0012835883845360371
0.0013288430677398711
0.0013781515019837814
0.0014421397910002675
0.0015169710008197635
0.0015977687220718505
0.0016849207366431609
0.0017785540362241627
0.0018778991138732127
0.001977469325063401
0.002078893370217992
0.0021739175234619847
0.0022731267698072877
0.002370528804252067
0.0024681348281179547
0.002568608536626688
0.0026734408908442803
0.002782215085905506
0.0029025073777149586
0.003019672613704208
0.0031373143526584432
0.0032562619820353045
0.003375464880371148
0.0034967811218161635
0.00361809736326118
0.0037370645621550274
0.0038560317610488726
0.003976453257925529
0.004096874754802184
0.004220273105395853
0.004343671455989522
0.004462452578383994
0.004581233700778468
0.004700693232879861
0.004820383595115666
0.004940126727342091
0.005059639029434106
0.005184435231543403
0.0053092314336527
0.005432709101974891
0.005556186770297085
0.005681163592482475
0.005806377483454556
0.005931329499797261
0.006056846722820441
0.006179955993792681
0.006303292513371429
0.00642775291822301
0.0065522894559472645
0.006672926502179734
0.006790911243390762
0.006910846550261978
0.007031328526215472
0.007150110492362273
0.007273580715312858
0.007401787020173219
0.0075284985486201
0.007654156861843578
0.007780847529112115
0.007907946864554287
0.00803563381599381
0.008163329699521608
0.00829347714017535
0.008429359496658729
0.008564492880938777
0.00869807277346865
0.00882954838118734
0.008965050918728564
0.009101657938754438
0.00923591649255893
0.00936849891403735
0.009498296847939855
0.009628985056185549
0.009765839903326398
0.009901773402836732
0.010033807192959852
0.010167046977956342
0.01030062970445814
0.010436597650490653
0.010577809344982836
0.01071822601179152
0.010858672767585464
0.010996393606703613
0.011139622490954322
0.011278527794402476
0.011416977773900348
0.011550698930577797
0.011686655614368307
0.011821618484176687
0.011947005586455957
0.012068916649025055
0.012192118380532888
0.01231676927499141
0.012444302916280509
0.01257192348852185
0.01270382625701539
0.01283820047381849
0.01296595745887615
0.013086744647732209
0.013202657356974895
0.013312308697425676
0.013424320212550309
0.013540736838396525
0.013659523143334152
0.013779729711404495
0.01389848375482482
0.01401459070327252
0.014130173966836726
0.014257483290444864
0.01437924096582603
0.014497438649751242
0.01460729929457474
0.014715987338429213
0.014826037579114144
0.014933714620838251
0.01504274188799496
0.015154479452786357
0.015273240269704726
0.015388025058341612
0.015498897042844325
0.015611312058292371
0.015725599003749004
0.01583980620788648
0.015954065189970085
0.016068272320555514
0.016186671792478992
0.016297595496787373
0.016407454501601627
0.016513062751680827
0.016617208952510704
0.016716230409829978
0.01681467611525463
0.016910672555886457
0.017007992285639248
0.017096617380273238
0.017177004665934047
0.0172443441369969
0.017305031139800597
0.017358942383319163
0.017414043591623934
0.01748000355398687
0.017538255840787834
0.017611011735925493
0.017684006631567672
0.017743340821658647
0.017803369496065733
0.017842117666645854
0.01787275843080923
0.017902961246113607
0.01794110486528626
0.01797766343557693
0.018010568084965376
0.01804112400376201
0.018063897720545917
0.018060125955618914
0.018034323787830257
0.01799810827948633
0.01794940347313166
0.01789103921558259
0.01782151604761469
0.017747584050841855
0.017669960885230835
0.017598582033802913
0.017519668459513565
0.017440174616671904
0.017361719110259268
0.01727844985312524
0.017187419808966365
0.017091519256291682
0.016972953815279367
0.01685641017193887
0.016740185633883853
0.01662266221784303
0.016507330228498183
0.016391482669407327
0.016274526993621648
0.016158843060670627
0.016043673112664546
0.01592804259090968
0.015811064383205984
0.015691773408281363
0.015573992155237356
0.015459135907478525
0.015346923846073298
0.015234088576498257
0.015123969935509261
0.015014094036477134
0.01490217978899865
0.0147874560218998
0.014674659198528697
0.014562981998127323
0.014452698860708352
0.014340838275430833
0.014227546141935412
0.014114545132847121
0.014003478687869357
0.013893850145026445
0.013785856540207106
0.013676884730581379
0.013567361505773493
0.013460004683556646
0.013359051639081397
0.013256668321062565
0.013153493795625129
0.013051041620139866
0.012944153182812296
0.012831481056780537
0.012719731743595527
0.012608165452153935
0.012497516786947913
0.012386004114448144
0.012277461205021885
0.012165744283408605
0.01205934407663654
0.011947975116195879
0.01183763861164602
0.01172537487835947
0.011614985297879358
0.011500201219660857
0.011383551027627885
0.011270002941654476
0.011154663585223826
0.011044435517083557
0.010936539964422691
0.010818542172557594
0.010701590329739032
0.01059030418454718
0.010481212828825344
0.010376381085367748
0.01027127813689357
0.0101623502885615
0.01005664517556234
0.009949014884050764
0.009840668991793195
0.00972389367354507
0.009608683625679968
0.009493798108646015
0.00938152478984667
0.009267031010631713
0.009150241970752038
0.009048516570992392
0.008946956145372647
0.00884370161358588
0.008737847965076782
0.008625505893364664
0.00851250559467317
0.008395101626720239
0.00827725893500144
0.008167977590500655
0.008062292532224095
0.007956125061334201
0.007855343022622094
0.00775466345622774
0.007654956689520658
0.007549770487803777
0.007445102119808967
0.007343915486414673
0.007239739733815115
0.007136371628901229
0.007028453126185449
0.006924824395244377
0.006824318561548881
0.006732317452517434
0.006639859694780922
0.006547409033307375
0.006456433059036699
0.00636433529976259
0.006270556071706812
0.0061685824751765905
0.006067672765412982
0.0059710176647846305
0.005874626737186418
0.005776735267015321
0.005678755334376752
0.005580347107442091
0.005478640400609303
0.005370878855969371
0.005265214861765541
0.0051610311979601595
0.005060727912745821
0.004961405927220354
0.004865503780771387
0.004768478044289262
0.004674682250912296
0.004584573180219061
0.004497597513772049
0.004412205454720699
0.004333401179205443
0.0042624785838173305
0.004192355209246173
0.004120573145556734
0.00404513627365801
0.003976149753327486
0.003898230333951006
0.0038243230990448484
0.003755128766432003
0.0036866562648118248
0.0036288727685470645
0.003575509030741149
0.0035204487537510124
0.0034623744966399963
0.003404100343848788
0.003348285397567147
0.0032909711118919863
0.003237059977122043
0.0031986110889021483
0.0031716942439965297
0.0031496878922170875
0.0031335972565014847
0.003122069473579576
0.003115724177291194
0.003112093033425719
0.0031102827253434184
0.00310742235213412
0.0031070761453437313
0.003105892182249264
0.003102019578033429
0.0030998554296179184
0.0031002368011443415
0.003103131858836391
0.003117447369511041
0.00312804578939803
0.0031373853705224746
0.003147924456699227
0.003151861035351662
0.003156086315173057
0.003162527828384121
0.003164906342103669
0.003166256885933354
0.003168361610724805
0.003173161707413911
0.0031824027384812627
0.003188624325787373
0.0031945690883585175
0.0031952254782224372
0.003197906897465951
0.003195155059537368
0.003195206658643124
0.003199334954641559
0.0032012846576693938
0.0031992942522872147
0.0031975780071903017
0.0031930736361285733
0.003189997181975727
0.0031897838242587
0.003194461857499415
0.0031952707625190913
0.003197653895191103
0.0031967671518159536
0.0031967831923070513
0.0031979020631624695
0.0032009531902387465
0.0031979703251373798
0.0031950299810316087
0.0031920465589317317
0.003185894408876328
0.003181271980392705
0.0031787649984145274
0.0031744123907428757
0.00317277897985039
0.003169310316486772
0.0031668484642267208
0.00315844708581964
0.0031527331557081612
0.0031363857959142718
0.0031219633227251935
0.0031054759377545198
0.0030919814789549162
0.0030747387145424435
0.0030572491670311295
0.0030434918471487537
0.0030268696947651184
0.003013830083295968
0.002996514422139409
0.002974533730024033
0.0029547182304993174
0.002932810832881488
0.0029116648437850622
0.002886274594574126
0.0028623857275229007
0.002839039270504835
0.0028097827000870936
0.0027759891235791738
0.002749525438978279
0.0027244929558693505
0.0027029358960320247
0.002681965154432195
0.002661626624016494
0.0026414546976901336
0.0026238459978815015
0.002610827819402318
0.0025885746097439296
0.0025702435539401536
0.002552706668153905
0.0025403680158123366
0.0025282404586713003
0.002517429355489026
0.0025069535871016907
0.0024962859218206814
0.0024851990450094627
0.0024729206162441755
0.0024680916968376205
0.0024591553389387883
0.0024502033687052063
0.002438179467264736
0.002440035992589302
0.0024408568504697375
0.0024443892216588384
0.002454921021957336
0.002465531163966737
0.002474115718241725
0.002485771180509185
0.002492404641684862
0.0024921667696674184
0.0024928421950600995
0.002496326794134113
0.0024968620188023784
0.0024949315407586663
0.0024922868856436598
0.0024958287636817904
0.0025017782280482336
0.002504562938487242
0.002505615910872606
0.002507128806828536
0.0025088186277194063
0.0025097818509389543
0.002517342033954749
0.002531910102987224
0.002549874194659729
0.002575927891569926
0.002599231090804728
0.002626214608903594
0.002651430367637935
0.0026740333932511766
0.0026912871776730196
0.002707900860286123
0.002726881734444275
0.002749877858430144
0.0027729214492583565
0.002793395677855652
0.002819077925279568
0.0028450017087528114
0.0028682981913296635
0.0028875454280922795
0.0029112990059020584
0.0029300393175427197
0.002954195850475214
0.0029811933784153195
0.003008606791142157
0.0030319289981284763
0.0030578606725300103
0.0030744331400507476
0.0030929078372707148
0.003106592262527118
0.0031232753665705634
0.003141278638568108
0.0031539648232317232
0.00316622290811487
0.003178552019620005
0.0031927330356348225
0.0032059849497784983
0.0032164368047602723
0.0032265992091324034
0.003239541596831875
0.003250524957148283
0.0032590758106724334
0.0032712806761415144
0.0032889123866661632
0.003307633730123442
0.00332303160550267
0.003337268226009313
0.003351003962099908
0.003371562853416865
0.003388306107321356
0.0034035115948205666
0.0034113709153150242
0.003417931364393443
0.003422544269341991
0.003435153544528135
0.00344277373024716
0.0034485301203858285
0.0034498562152090206
0.0034433995617589455
0.003439625676151443
0.0034355835850997845
0.003437339285059682
0.003435423597348877
0.0034361295493383587
0.003430869791322941
0.0034259562118034055
0.0034256232443740384
0.0034255615673031334
0.0034243377615601265
0.003423811228378053
0.003421532689280812
0.003418130780976909
0.003404732507967596
0.003387212329841637
0.003366231794931826
0.0033535983285306395
0.0033397143106236116
0.003320823440030111
0.0032976338623758273
0.003273093716449313
0.003249075182816248
0.003227863190899241
0.0032131588614948566
0.003200710158342515
0.003188584759178341
0.0031789617567295893
0.0031643584752135334
0.0031525069582499653
0.0031395213833551702
0.0031283152951039994
0.0031159603717854736
0.003108398140539186
0.0030997878637549626
0.0030916356253278617
0.003081102834040983
0.0030718771665949295
0.003066319775782713
0.0030564061316223747
0.003049651655199405
0.0030412675603132774
0.0030364768387987316
0.0030372724640199103
0.0030430962637353247
0.0030502268186440203
0.0030508800992657932
0.003051360837588907
0.003042930700903399
0.0030336040834483885
0.0030377017269634784
0.0030423376951317295
0.00303486072484565
0.003021669971460883
0.003009095576098613
0.0029953520186600147
0.0029802148803784625
0.002964413375716188
0.002945041901451758
0.002925665472567687
0.0029110580975680593
0.002891506790638676
0.002871765505937778
0.0028475894106791875
0.002829720524736489
0.0028110593090923315
0.002794744185372078
0.0027746336359620303
0.0027483578678186857
0.002721745977862199
0.002684127939081612
0.0026525618046659596
0.002619316815380238
0.0025869583559899414
0.002532565170355032
0.002477920935239547
0.0024141797104727243
0.0023503503487643813
0.0022856365633089977
0.0022213549442845256
0.0021488130293746653
0.002079326931477012
0.0020178018931480187
0.001957647212086428
0.0018909565907579218
0.0018247611429407548
0.0017640926635970463
0.0017034596989412701
0.0016366973245271683
0.0015681580636523946
0.0015028840345416062
0.001438506957695347
0.0013739628037994162
0.0013066716437690512
0.001241370219512029
0.001174269654750403
0.0010984315408062563
0.0010218465303917094
0.000927818335299924
0.000836470122753444
0.0007374275723932201
0.000639476844108624
0.0005486335367068646
0.00046317296054671945
0.00037319476501177976
0.00028428614422789473
0.00019072741990980858
9.58313117223549e-5
-1.7306577178299865e-17
