0.0
0.0
0.0
0.0
0.0
0.0038240917782026767
0.0038240917782026767
0.0038240917782026767
0.0038240917782026767
0.019801980198019802
0.019801980198019802
0.019801980198019802
0.019801980198019802
0.010309278350515464
0.010309278350515464
0.010309278350515464
0.010309278350515464
0.0
0.0
0.0
0.0
0.024875621890547265
0.024875621890547265
0.024875621890547265
0.024875621890547265
0.017777777777777778
0.017777777777777778
0.017777777777777778
0.017777777777777778
0.018518518518518517
0.018518518518518517
0.018518518518518517
0.018518518518518517
0.01092896174863388
0.01092896174863388
0.01092896174863388
0.01092896174863388
0.005050505050505051
0.005050505050505051
0.005050505050505051
0.005050505050505051
0.0044444444444444444
0.0044444444444444444
0.0044444444444444444
0.0044444444444444444
0.004310344827586207
0.004310344827586207
0.004310344827586207
0.004310344827586207
0.009302325581395349
0.009302325581395349
0.009302325581395349
0.009302325581395349
0.018433179723502304
0.018433179723502304
0.018433179723502304
0.018433179723502304
0.010416666666666666
0.010416666666666666
0.010416666666666666
0.010416666666666666
0.013513513513513514
0.013513513513513514
0.013513513513513514
0.013513513513513514
0.013824884792626729
0.013824884792626729
0.013824884792626729
0.013824884792626729
0.024271844660194174
0.024271844660194174
0.024271844660194174
0.024271844660194174
0.02880658436213992
0.02880658436213992
0.02880658436213992
0.02880658436213992
0.031413612565445025
0.031413612565445025
0.031413612565445025
0.031413612565445025
0.040229885057471264
0.040229885057471264
0.040229885057471264
0.040229885057471264
0.04225352112676056
0.04225352112676056
0.04225352112676056
0.04225352112676056
0.05291005291005291
0.05291005291005291
0.05291005291005291
0.05291005291005291
0.08374384236453201
0.08374384236453201
0.08374384236453201
0.08374384236453201
0.1076923076923077
0.1076923076923077
0.1076923076923077
0.1076923076923077
0.12290502793296089
0.12290502793296089
0.12290502793296089
0.12290502793296089
0.13440860215053763
0.13440860215053763
0.13440860215053763
0.13440860215053763
0.15263157894736842
0.15263157894736842
0.15263157894736842
0.15263157894736842
0.18627450980392157
0.18627450980392157
0.18627450980392157
0.18627450980392157
0.18222222222222223
0.18222222222222223
0.18222222222222223
0.18222222222222223
0.19801980198019803
0.19801980198019803
0.19801980198019803
0.19801980198019803
0.21637426900584794
0.21637426900584794
0.21637426900584794
0.21637426900584794
0.22340425531914893
0.22340425531914893
0.22340425531914893
0.22340425531914893
0.21395348837209302
0.21395348837209302
0.21395348837209302
0.21395348837209302
0.22321428571428573
0.22321428571428573
0.22321428571428573
0.22321428571428573
0.17412935323383086
0.17412935323383086
0.17412935323383086
0.17412935323383086
0.1497584541062802
0.1497584541062802
0.1497584541062802
0.1497584541062802
0.1875
0.1875
0.1875
0.1875
0.18556701030927836
0.18556701030927836
0.18556701030927836
0.18556701030927836
0.1566265060240964
0.1566265060240964
0.1566265060240964
0.1566265060240964
0.11981566820276497
0.11981566820276497
0.11981566820276497
0.11981566820276497
0.10697674418604651
0.10697674418604651
0.10697674418604651
0.10697674418604651
0.125
0.125
0.125
0.125
0.09090909090909091
0.09090909090909091
0.09090909090909091
0.09090909090909091
0.04326923076923077
0.04326923076923077
0.04326923076923077
0.04326923076923077
0.037037037037037035
0.037037037037037035
0.037037037037037035
0.037037037037037035
0.04035874439461883
0.04035874439461883
0.04035874439461883
0.04035874439461883
0.0374331550802139
0.0374331550802139
0.0374331550802139
0.0374331550802139
0.05181347150259067
0.05181347150259067
0.05181347150259067
0.05181347150259067
0.06222222222222222
0.06222222222222222
0.06222222222222222
0.06222222222222222
0.09950248756218906
0.09950248756218906
0.09950248756218906
0.09950248756218906
0.09345794392523364
0.09345794392523364
0.09389671361502347
0.09389671361502347
0.10215053763440861
0.10215053763440861
0.10215053763440861
0.10215053763440861
0.055
0.055
0.055
0.055
0.1065989847715736
0.1065989847715736
0.1065989847715736
0.1065989847715736
0.15463917525773196
0.15463917525773196
0.15463917525773196
0.15463917525773196
0.14102564102564102
0.14102564102564102
0.14102564102564102
0.14102564102564102
0.14754098360655737
0.14754098360655737
0.14754098360655737
0.14754098360655737
0.09137055837563451
0.09137055837563451
0.09137055837563451
0.09137055837563451
0.15217391304347827
0.15217391304347827
0.15217391304347827
0.15217391304347827
0.13004484304932734
0.13004484304932734
0.13004484304932734
0.13004484304932734
0.18009478672985782
0.18009478672985782
0.18009478672985782
0.18009478672985782
0.1888412017167382
0.1888412017167382
0.1888412017167382
0.1888412017167382
0.175
0.175
0.175
0.175
0.2264957264957265
0.2264957264957265
0.2264957264957265
0.2264957264957265
0.23414634146341465
0.23414634146341465
0.23414634146341465
0.23414634146341465
0.19534883720930232
0.19534883720930232
0.19534883720930232
0.19534883720930232
0.24034334763948498
0.24034334763948498
0.24034334763948498
0.24034334763948498
0.19138755980861244
0.19138755980861244
0.19138755980861244
0.19138755980861244
0.16182572614107885
0.16182572614107885
0.16182572614107885
0.16182572614107885
0.16826923076923078
0.16826923076923078
0.16826923076923078
0.16826923076923078
0.14354066985645933
0.14354066985645933
0.14354066985645933
0.14354066985645933
0.16
0.16
0.16
0.16
0.1320754716981132
0.1320754716981132
0.1320754716981132
0.1320754716981132
0.12849162011173185
0.12849162011173185
0.12359550561797752
0.12359550561797752
0.23853211009174313
0.23853211009174313
0.23853211009174313
0.23853211009174313
0.2857142857142857
0.2857142857142857
0.2857142857142857
0.2857142857142857
0.31155778894472363
0.31155778894472363
0.31155778894472363
0.31155778894472363
0.2706422018348624
0.2706422018348624
0.2706422018348624
0.2706422018348624
0.23834196891191708
0.23834196891191708
0.23834196891191708
0.23834196891191708
0.3106796116504854
0.3106796116504854
0.3106796116504854
0.3106796116504854
0.22959183673469388
0.22959183673469388
0.22959183673469388
0.22959183673469388
0.19339622641509435
0.19339622641509435
0.19339622641509435
0.19339622641509435
0.16025641025641027
0.16025641025641027
0.16025641025641027
0.16025641025641027
0.14903846153846154
0.14903846153846154
0.14903846153846154
0.14903846153846154
0.16129032258064516
0.16129032258064516
0.16129032258064516
0.16129032258064516
0.11386138613861387
0.11386138613861387
0.11386138613861387
0.11386138613861387
0.09345794392523364
0.09345794392523364
0.09345794392523364
0.09345794392523364
0.14
0.14
0.14
0.14
0.107981220657277
0.107981220657277
0.107981220657277
0.107981220657277
0.10052910052910052
0.10052910052910052
0.10052910052910052
0.10052910052910052
0.13636363636363635
0.13636363636363635
0.13636363636363635
0.13636363636363635
0.16810344827586207
0.16810344827586207
0.16810344827586207
0.16810344827586207
0.14485981308411214
0.14485981308411214
0.14485981308411214
0.14485981308411214
0.17903930131004367
0.17903930131004367
0.17903930131004367
0.17903930131004367
0.15
0.15
0.15
0.15
0.19900497512437812
0.19900497512437812
0.19900497512437812
0.19900497512437812
0.2926829268292683
0.2926829268292683
0.2926829268292683
0.2926829268292683
0.4055299539170507
0.4055299539170507
0.4055299539170507
0.4055299539170507
0.42105263157894735
0.42105263157894735
0.42105263157894735
0.42105263157894735
0.5606936416184971
0.5606936416184971
0.5606936416184971
0.5606936416184971
0.6717171717171717
0.6717171717171717
0.6717171717171717
0.6717171717171717
0.7486631016042781
0.7486631016042781
0.7486631016042781
0.7486631016042781
0.948936170212766
0.948936170212766
0.948936170212766
0.948936170212766
0.8773584905660378
0.8773584905660378
0.8773584905660378
0.8773584905660378
0.9502487562189055
0.9502487562189055
0.9502487562189055
0.9502487562189055
1.1595092024539877
1.1595092024539877
1.1595092024539877
1.1595092024539877
1.275
1.275
1.275
1.275
1.2380952380952381
1.2380952380952381
1.2380952380952381
1.2446808510638299
1.9155555555555555
1.9155555555555555
1.9155555555555555
1.9155555555555555
1.8849206349206349
1.8849206349206349
1.8849206349206349
1.8849206349206349
1.7439613526570048
1.7439613526570048
1.7439613526570048
1.7439613526570048
2.0231481481481484
2.0231481481481484
2.0231481481481484
2.0231481481481484
2.1448598130841123
2.1448598130841123
2.1448598130841123
2.1448598130841123
2.148325358851675
2.148325358851675
2.148325358851675
2.148325358851675
2.252577319587629
2.252577319587629
2.252577319587629
2.252577319587629
2.370833333333333
2.370833333333333
2.370833333333333
2.3765690376569037
2.6556603773584904
2.6556603773584904
2.6556603773584904
2.6556603773584904
2.7155172413793105
2.7155172413793105
2.7155172413793105
2.7155172413793105
3.022099447513812
3.022099447513812
3.022099447513812
3.022099447513812
2.8333333333333335
2.8333333333333335
2.8333333333333335
2.8333333333333335
3.2376681614349776
3.2376681614349776
3.2376681614349776
3.2376681614349776
3.75
3.75
3.75
3.75
4.258620689655173
4.258620689655173
4.258620689655173
4.258620689655173
4.418269230769231
4.418269230769231
4.418269230769231
4.418269230769231
4.716157205240175
4.716157205240175
4.716157205240175
4.716157205240175
5.075313807531381
5.075313807531381
5.075313807531381
5.075313807531381
5.401869158878505
5.401869158878505
5.401869158878505
5.401869158878505
5.7155172413793105
5.7155172413793105
5.7155172413793105
5.7155172413793105
5.854700854700854
5.854700854700854
5.854700854700854
5.854700854700854
6.042402826855124
6.042402826855124
6.042402826855124
6.042402826855124
5.90295358649789
5.90295358649789
5.90295358649789
5.90295358649789
5.954732510288066
5.954732510288066
5.954732510288066
5.954732510288066
6.08058608058608
6.08058608058608
6.08058608058608
6.08058608058608
6.171052631578948
6.171052631578948
6.171052631578948
6.171052631578948
6.129533678756476
6.129533678756476
6.129533678756476
6.129533678756476
6.191056910569106
6.191056910569106
6.191056910569106
6.191056910569106
6.195121951219512
6.195121951219512
6.195121951219512
6.195121951219512
6.274261603375527
6.274261603375527
6.274261603375527
6.274261603375527
6.28030303030303
6.28030303030303
6.28030303030303
6.28030303030303
6.232758620689655
6.232758620689655
6.232758620689655
6.232758620689655
6.135135135135135
6.135135135135135
6.155893536121673
6.155893536121673
6.102362204724409
6.102362204724409
6.097276264591439
6.097276264591439
6.137055837563452
6.137055837563452
6.126262626262626
6.126262626262626
6.078048780487805
6.078048780487805
6.057971014492754
6.057971014492754
6.082304526748971
6.082304526748971
6.0928270042194095
6.0928270042194095
6.047808764940239
6.047808764940239
6.047808764940239
6.047808764940239
6.008196721311475
6.008196721311475
6.008196721311475
6.008196721311475
6.0344827586206895
6.0344827586206895
6.037735849056604
6.037735849056604
6.0176211453744495
6.0176211453744495
6.03125
6.03125
6.01498127340824
6.01498127340824
6.018796992481203
6.018796992481203
6.055555555555555
6.088888888888889
6.088888888888889
6.088888888888889
6.078512396694215
6.061475409836065
6.061475409836065
6.061475409836065
6.033898305084746
6.0210970464135025
6.0210970464135025
6.0210970464135025
5.978165938864628
5.969565217391304
5.969565217391304
5.969565217391304
5.963636363636364
6.0093023255813955
6.0093023255813955
6.0093023255813955
6.019455252918288
6.019455252918288
6.019455252918288
6.019455252918288
6.013636363636364
6.0228310502283104
6.0228310502283104
6.0228310502283104
6.043478260869565
6.043478260869565
6.043478260869565
6.043478260869565
6.084444444444444
6.084444444444444
6.084444444444444
6.084444444444444
6.132780082987552
6.132780082987552
6.132780082987552
6.132780082987552
6.145228215767635
6.145228215767635
6.145228215767635
6.145228215767635
6.113122171945701
6.113122171945701
6.113122171945701
6.113122171945701
6.183856502242152
6.183856502242152
6.183856502242152
6.183856502242152
6.188118811881188
6.188118811881188
6.188118811881188
6.188118811881188
6.185185185185185
6.185185185185185
6.185185185185185
6.185185185185185
6.1171875
6.1171875
6.1171875
6.1171875
6.149321266968326
6.149321266968326
6.149321266968326
6.149321266968326
6.151785714285714
6.151785714285714
6.151785714285714
6.151785714285714
6.145833333333333
6.145833333333333
6.145833333333333
6.145833333333333
6.175
6.175
6.175
6.175
6.2304147465437785
6.2304147465437785
6.2304147465437785
6.2304147465437785
6.293893129770993
6.293893129770993
6.293893129770993
6.293893129770993
6.253968253968254
6.253968253968254
6.253968253968254
6.253968253968254
6.2703862660944205
6.2703862660944205
6.2703862660944205
6.2703862660944205
6.262008733624454
6.262008733624454
6.262008733624454
6.2631578947368425
6.266666666666667
6.266666666666667
6.266666666666667
6.266666666666667
6.285067873303167
6.285067873303167
6.285067873303167
6.285067873303167
6.302040816326531
6.302040816326531
6.302040816326531
6.302040816326531
6.300395256916996
6.300395256916996
6.300395256916996
6.300395256916996
6.326359832635983
6.326359832635983
6.326359832635983
6.326359832635983
6.381578947368421
6.381578947368421
6.381578947368421
6.381578947368421
6.386266094420601
6.386266094420601
6.386266094420601
6.386266094420601
6.407272727272727
6.407272727272727
6.407272727272727
6.407272727272727
6.431654676258993
6.431654676258993
6.431654676258993
6.431654676258993
6.387755102040816
6.387755102040816
6.387755102040816
6.387755102040816
6.423580786026201
6.423580786026201
6.423580786026201
6.423580786026201
6.480836236933798
6.480836236933798
6.480836236933798
6.480836236933798
6.501901140684411
6.501901140684411
6.501901140684411
6.501901140684411
6.490909090909091
6.490909090909091
6.490909090909091
6.490909090909091
6.452107279693487
6.452107279693487
6.452107279693487
6.452107279693487
6.403100775193798
6.403100775193798
6.403100775193798
6.403100775193798
6.435483870967742
6.435483870967742
6.435483870967742
6.435483870967742
6.419354838709677
6.419354838709677
6.419354838709677
6.419354838709677
6.479838709677419
6.479838709677419
6.479838709677419
6.479838709677419
6.519713261648746
6.519713261648746
6.519713261648746
6.519713261648746
6.5396825396825395
6.5396825396825395
6.5396825396825395
6.5396825396825395
6.4149377593361
6.4149377593361
6.4149377593361
6.431535269709544
6.431372549019608
6.431372549019608
6.431372549019608
6.417322834645669
6.469750889679715
6.469750889679715
6.469750889679715
6.469750889679715
6.482014388489208
6.482014388489208
6.482014388489208
6.482014388489208
6.368852459016393
6.368852459016393
6.368852459016393
6.368852459016393
6.3580246913580245
6.3580246913580245
6.3580246913580245
6.3580246913580245
6.371541501976284
6.371541501976284
6.371541501976284
6.371541501976284
6.349206349206349
6.349206349206349
6.349206349206349
6.349206349206349
6.452830188679245
6.452830188679245
6.452830188679245
6.452830188679245
6.452282157676349
6.452282157676349
6.452282157676349
6.452282157676349
6.75
6.75
6.75
6.75
6.95609756097561
6.95609756097561
6.95609756097561
6.95609756097561
7.125
7.125
7.125
7.125
7.420408163265306
7.420408163265306
7.420408163265306
7.420408163265306
7.51953125
7.51953125
7.51953125
7.51953125
7.538461538461538
7.538461538461538
7.538461538461538
7.538461538461538
7.638059701492537
7.638059701492537
7.638059701492537
7.638059701492537
8.095238095238095
8.095238095238095
8.095238095238095
8.095238095238095
8.248062015503876
8.248062015503876
8.248062015503876
8.248062015503876
8.773809523809524
8.773809523809524
8.773809523809524
8.773809523809524
9.283636363636363
9.283636363636363
9.283636363636363
9.283636363636363
9.466911764705882
9.466911764705882
9.466911764705882
9.466911764705882
9.83984375
9.83984375
9.83984375
9.83984375
9.926739926739927
9.926739926739927
9.926739926739927
9.926739926739927
10.445414847161572
10.445414847161572
10.445414847161572
10.445414847161572
11.115789473684211
11.115789473684211
11.115789473684211
11.115789473684211
11.761092150170649
11.761092150170649
11.761092150170649
11.761092150170649
12.088560885608857
12.088560885608857
12.088560885608857
12.088560885608857
11.901185770750988
11.901185770750988
11.901185770750988
11.901185770750988
12.928082191780822
12.928082191780822
12.928082191780822
12.928082191780822
13.142322097378278
13.142322097378278
13.142322097378278
13.142322097378278
12.935860058309038
12.935860058309038
12.935860058309038
12.935860058309038
13.188622754491018
13.188622754491018
13.188622754491018
13.188622754491018
13.457875457875458
13.457875457875458
13.457875457875458
13.457875457875458
13.427230046948356
13.427230046948356
13.427230046948356
13.427230046948356
13.791208791208792
13.791208791208792
13.791208791208792
13.791208791208792
14.0
14.0
14.0
14.0
14.010452961672474
14.010452961672474
14.010452961672474
14.010452961672474
14.057627118644067
14.057627118644067
14.057627118644067
14.057627118644067
14.082191780821917
14.082191780821917
14.082191780821917
14.082191780821917
14.095384615384615
14.095384615384615
14.095384615384615
14.095384615384615
14.06148867313916
14.06148867313916
14.06148867313916
14.06148867313916
14.021538461538462
14.021538461538462
14.021538461538462
14.021538461538462
13.996268656716419
13.996268656716419
13.996268656716419
13.996268656716419
13.984189723320158
13.984189723320158
13.984189723320158
13.984189723320158
13.992565055762082
13.992565055762082
13.992565055762082
13.992565055762082
14.009677419354839
14.009677419354839
14.009677419354839
14.035598705501618
14.042553191489361
14.042553191489361
14.042553191489361
14.042553191489361
14.03125
14.03125
14.03125
14.03125
14.042194092827005
14.042194092827005
14.042194092827005
14.042194092827005
14.022580645161291
14.022580645161291
14.022580645161291
14.022580645161291
14.026011560693641
14.026011560693641
14.026011560693641
14.026011560693641
14.03
14.03
14.03
14.03
