0.013299546056475858
0.011319359270001024
0.008234876675999144
0.012457364012242348
0.02205323008515841
0.011564686351611574
0.0052492164304353325
0.014117607087170712
0.019524492511685053
0.012432189790735137
0.013445042617405248
0.004966512837558034
0.008067116886216608
0.010016819726283347
0.012270387886990343
0.004602980477079075
0.007679366678652923
0.00977566523069008
0.00877351292009169
0.00942434240246807
0.006755130290539615
0.0055961350638572965
0.005986102081999464
0.007056698743697597
0.01284548384704753
0.007516153710677528
0.010417085572147886
0.010401433690074596
0.015394127835746358
0.012669131094976022
0.00702535638798388
0.005614503614537383
0.009940822844129083
0.0037051596199954937
0.007123459685838564
0.0063505602929175035
0.005291926386564704
0.011593605348562705
0.01004745165050873
0.006040647906925456
0.004882476584301635
0.005491833008606729
0.01232794364718207
0.005111900673683024
0.0030861643806483993
0.00377008014361123
0.005915086695494892
0.010977773511770327
0.005865926208529286
0.009955601609066675
0.008105813992290259
0.011668726271290663
0.009328943039859119
0.004571592970851713
0.011125206341132392
0.002170712170003721
0.004238867292638261
0.00590859487857974
0.00927126552154147
0.016918660632027637
0.006141582056092389
0.009353115849439113
0.010801536941405966
0.015425252717298454
0.004037022079713005
0.0093390533406314
0.009127059378185426
0.006220847897824415
0.007534064140099814
0.006611247050908836
0.0018463486512948683
0.011570428350840736
0.009487727694372306
0.014311184722397896
0.009112777126401047
0.011617172333979117
0.004460110608769229
0.013591669418882214
0.0052891901978060875
0.01269895906847876
0.005584892117309486
0.020719969519832755
0.004398182641178778
0.007117660427561876
0.0052795678945509565
0.012591667001162586
0.00891503406137293
0.01038883875669166
0.005228579312555353
0.004281858198898491
0.014342570946468895
0.009671878352608576
0.008667216971743837
0.01308194455997859
0.004145976533366464
0.011472043281819673
0.019606240991317206
0.010368377929086375
0.008028260732193789
0.009658334526929784
0.006095333220128201
0.006467417654140671
0.011081115890032373
0.0070138315061265815
0.008346603724251504
0.014308517534835634
0.012411921311972217
0.013098378217322954
0.011346364545747542
0.007483205553108143
0.007371453913976364
0.009088310030750328
0.004916972204841897
0.006817680172187996
0.020783295206810416
0.010191297789365434
0.007655881618989956
0.008379672110144055
0.007711000114647994
0.006910011971828106
0.0072304475825809645
0.007229672003983087
0.008876162082326437
0.00774505897353806
0.014619982529916453
0.013189790207651993
0.008399827071949957
0.01660391112385601
0.007042642994830958
0.008151448911071052
0.009151459996201462
0.0024349783832299196
0.010886240791044572
0.007143454917594621
0.009028792610517125
0.01047611216519738
0.008426875892969659
0.0063220552134942536
0.011264155712054715
0.006469549690402213
0.009660044312753819
0.007988427627286184
0.004582436273684755
0.0038468646100997634
0.010382491837092733
0.011046535454419752
0.00587204801276406
0.006190124930407855
0.005405341553880384
0.010490729303469483
0.003971066236112928
0.007826277574110875
0.012922040339379692
0.008507837999507809
0.009559053885593667
0.009740006053122249
0.011767185964995982
0.012460448605069013
0.011786682573107844
0.009205088782954033
0.0038753847110761805
0.00616911940653902
0.007368898046382594
0.008808721581882653
0.012282081676903648
0.011627994310801654
0.009009609725680396
0.01454246766965244
0.003874874223231882
0.011873375890599731
0.012029330982393779
0.009160538543264745
0.012784333475485772
0.02171207173851152
0.00626299324528106
0.005930768189447736
0.012657751960338621
0.01081158506320706
0.006391390370417549
0.010454866655173214
0.009794962624247871
0.008619123666757605
0.007088995486398383
0.01352403622730109
0.00766076616620694
0.0097156005206865
0.01374269141005906
0.010148762142785107
0.004997251043137789
0.01239123100467125
0.0054064321047435455
0.007891244161331704
0.012130246918489605
0.0047198961987428975
0.005831352426939926
0.010522675566394794
0.008364795218858901
0.009395174006563254
0.009709161162832634
0.013546806680804204
0.005553830411368643
0.00918775090324405
0.0063253130124950405
0.0068831401669468915
0.018362989873893353
0.009462005146256816
0.00827275480982484
0.008799093699712175
0.005505429272273357
0.005569992879643182
0.006476878359176805
0.00856509987261453
0.007822793278615708
0.014100452981338649
0.014113586346775352
0.00606789442305788
0.007522148849931758
0.012811854697058062
0.009152622557289979
0.005564062030211949
0.014447374228321899
0.007283000383077518
0.005084496490575732
0.010256140389277746
0.00705858523601199
0.004695092054399889
0.005172709284919669
0.005406641191705484
0.006764291863828222
0.009458751862321724
0.01280102654603162
0.020524168113024897
0.005987709943311121
0.011305260172181902
0.004467480087013832
0.006963167323314796
0.00817326848219488
0.008697165716051352
0.013607621697551208
0.00229865043009053
0.005662961795613503
0.0038468106138276493
0.008204835871754555
0.008726703291387536
0.011534686849710141
0.007401985518331582
0.004726667964778741
0.01757329881368311
0.0065565543652317095
0.011263670442825875
0.017241762320889326
0.006164452973027404
0.009238903141803553
0.007530370647203083
0.006652510100203197
0.007631251016820107
0.008038484093396324
0.013653945427514112
0.014943248189018994
0.011138099540746607
0.016587179240360374
0.003959601301449149
0.008269869504908807
0.006915422058121592
0.007956346399256338
0.007594462662583968
0.005313427857299521
0.009127391759615189
0.0034549010090757126
0.013395719024049022
0.007835506561018656
0.013120483073178082
0.013441704721271163
0.009191140298520693
0.0077295801477640395
0.011038960268778906
0.01325741851208066
0.007889113272750579
0.012572705655774365
0.00880452214672596
0.006742682739674485
0.011507225192990519
0.015652662857779033
0.007750139224775696
0.009822264734604022
0.0072119803738872465
0.006894056966712779
0.006184963815259486
0.008743740047780505
0.010953566284366393
0.00531376451155687
0.013854275387482557
0.012473974041609518
0.006608901094168094
0.0067549566901604526
0.006416357692173187
0.011641169022434101
0.0103663620037244
0.010459467789820943
0.011146277761471037
0.009831214547662202
0.009775721410992314
0.014541290156050818
0.008408936364001817
0.013937435050951522
0.007516333182827612
0.0038542879258451064
0.005522682000260624
0.009433944671163473
0.010814259658789457
0.014643843878994303
0.008280899253398902
0.0033477973636395607
0.019244330821273286
0.008975404622850269
0.012099802808541496
0.016149432809337453
0.015641258934363435
0.004391845681781988
0.005643013007124875
0.0054227840530721525
0.007024501259941065
0.008609798466090599
0.007317782221615126
0.008596006872197684
0.008959177351333822
0.014100309131874968
0.011743957226839128
0.014701082782458259
0.01864361990795939
0.0076954928901128644
0.007853576330968146
0.00559998609462365
0.009775737335267787
0.012465766736534102
0.0069205632289226484
0.004417533685614299
0.006675795916619708
0.009436193538588737
0.006468812964426607
0.01656891506441666
0.011641906056121747
0.005999235531722499
0.0053647720128489375
0.0057801465722535205
0.01365752042015913
0.014777728715709634
0.00728848906062797
0.007549515486362355
0.005958236999160717
0.006573107951624467
0.010937652599139955
0.005998527609945
0.007518947847466134
0.00640486029234126
0.0039823544183203215
0.005156907524348457
0.00625638264726274
0.012491993020613757
0.014047973552952949
0.011889228372426786
0.007780627140854819
0.00952876916883868
0.008207823901311946
0.007003395999927529
0.008179612096376606
0.008757906107005308
0.013551058560966597
0.005057123315304193
0.007202364127832236
0.005890197596093614
0.011719337151943685
0.003849850992687197
0.005374439047208306
0.011022886049936906
0.0057732266892054004
0.013351336970549466
0.009093187312821285
0.005545822110712298
0.0119467199985808
0.011086689115773232
0.007852858712683623
0.01584491686873571
0.007956341101676673
0.014690770475049495
0.004685481246581272
0.010821761399039025
0.008939451114460338
0.0061717166024437865
0.004618073729939554
0.01213042701541305
0.013989796932926554
0.012801884463475712
0.007013708038981481
0.015420198152926444
0.013344071311859638
0.004337967978502074
0.006879844559635157
0.0053923256392572425
0.00796039923713274
0.0016302014327655564
0.0036047458347058248
0.01139957252590704
0.013505540182047606
0.012496356774239308
0.011533890168214215
0.020368656698842004
0.006685449094330247
0.0073414401331565165
0.004052221588829918
0.007500268117642929
0.0074421943475820014
0.007786768350222089
0.008161050605534126
0.007283445782738246
0.009243661123691273
0.00998215614588235
0.0073224738813799034
0.007304003989082606
0.007602492763480595
0.009341634631847106
0.012373176012575048
0.009671895492088698
0.0063304232558833535
0.009908842597576756
0.0041022358641366035
0.018118856048685447
0.008096379517646655
0.007037284386109863
0.012017109902801682
0.010094116085382096
0.005342477849827389
0.006102267930640924
0.005555490304545431
0.006591990301747439
0.005971381407223053
0.008273472716692818
0.006857933468056415
0.011319691905339643
0.010260292743978912
0.008479516044248049
0.0175127932075074
0.004885844132318535
0.005534598612202684
0.004377310829398324
0.008222669631487444
0.0062117638082071
0.014867395930557952
0.00697127523387745
0.011775043588233376
0.008534640066526485
0.009258963743951252
0.005908368552715692
0.005732765544778956
0.01561502962666132
0.006099582817229104
0.010241475228486549
0.008540957221839576
0.007365475398362957
0.00646737840192463
0.0044935403868483804
0.01951144959655974
0.0069584631407456675
0.009231099374869718
0.008370951644237932
0.005060962980228965
0.011512564563281221
0.013465573789925047
0.004990755395331789
0.004288024870547866
0.004527923732444847
0.010951404022597921
0.00760392792566354
0.007491165132851733
0.009241305370890752
0.012678534185037523
0.007894463234421752
0.009568555004045024
0.008830830964130548
0.0070610075889962366
0.010167927460193451
0.008971421050641413
0.008665747632884125
0.006265473117711475
0.006834913735301313
0.00472290536550108
0.006784709974936033
0.007092695143171796
0.013477248203872586
0.005852146934162203
0.008911593538723797
0.007578222915750484
0.01246465303911522
0.013496046076467956
0.005961585598709847
0.013670082782448391
0.013700233971008407
0.007715454485596965
0.00539253019224792
0.008194434182056901
0.012471904400883591
0.0070274886021362325
0.011075311292120424
0.007998272191819937
0.009523579784144127
0.005179519176562332
0.006920020137347021
0.011306320301511503
0.004460306591410491
0.009069707158908395
0.012409318007358755
0.010587750114362889
0.008959555380784221
0.011091365004359885
0.011020321826176911
0.007299601040934561
0.01116483975547234
0.004054885809591582
0.011913677980219485
0.010168599398470807
0.008113557595213339
0.007163999534536379
0.00674022083877429
0.010703624297401597
0.00786010236421047
0.0068580965920842256
0.011827876501533526
0.007768167410811806
0.008879492929626752
0.005976246014895587
0.004313072299515186
0.008953091386269483
0.008140364535051202
0.012794760909799294
0.01166040171259722
0.005846443884504233
0.005576629566454059
0.006536343528563392
0.0071149728378606236
0.010162834914999077
0.010713892192637589
0.012908396293809124
0.00621123955619465
0.007195809961614589
0.008711180080050108
0.007193144779631904
0.00851158414406955
0.008909811706485558
0.005015140027994132
0.005147095094736026
0.007245716580748349
0.011379861105251838
0.003728785693079197
0.008430291727523277
0.010602546400217962
0.007008596102989357
0.011819737534632975
0.004842397992555378
0.007220650873937852
0.01145027840283592
0.008053468963501755
0.010682979317499643
0.008491749508613264
0.013791160983600153
0.005094212440632146
0.007986178130060684
0.005442295550836698
0.005758025531821889
0.004642594528427598
0.02352759133321127
0.004281980047846367
0.011300091807242237
0.018910957974075795
0.007006015976572565
0.010317570835609496
0.0069301477282282834
0.006801454849156622
0.007141559271791255
0.010693734302504513
0.009820488411676586
0.007421428758120032
0.008727608869425819
0.011402824828746237
0.0033213720329444024
0.007988108696826413
0.012515641930849624
0.005533987072387182
0.00398188386490246
0.01017772135146813
0.008226749367475127
0.007343898282272319
0.010857459918188499
0.01272550962476847
0.010044721291403907
0.006436515435802488
0.007551312332750851
0.00772234475500744
0.008672430040804677
0.012481534478397607
0.011147696603094389
0.0124423792541422
0.012084276667531329
0.004643913378921831
0.005194948879182587
0.015278339920693383
0.012915768940098061
0.013932988753464022
0.004821125066684618
0.0109524028892033
0.011652842521528472
0.004571293102398453
0.00924766226901387
0.010432394994658787
0.012335165304153736
0.015274183730008422
0.0060381392294846965
0.01334621972454013
0.018207760216655988
0.008034640550248643
0.009777208484948818
0.0036434902901143155
0.005946938957800848
0.006323213072971354
0.012424848774044699
0.009916439678424928
0.007695437870197687
0.013835164650897845
0.0028406565195665903
0.008810361647678613
0.007085353538702034
0.01647263586661491
0.005906540404000983
0.00699522420394108
0.013283769311588948
0.007253202119818345
0.006350122112625066
0.015842802578930663
0.009295023924833773
0.012298220480711474
0.008718539949996756
0.004724501705765124
0.009563650474311536
0.006852520340848731
0.007214195472784954
0.013388790929565382
0.01438424321114912
0.00998633117807336
0.011107753325731903
0.00966271489937799
0.012538011823870711
0.017453573860877487
0.008393023123208453
0.007468430440255181
0.01211562925309848
0.006497664638149639
0.013538484459796052
0.0072769873252941895
0.010629470494722862
0.006806259325935832
0.010146170347099567
0.004789906312099013
0.011689830690769225
0.013331935673669325
0.005645635360165376
0.01872687303054819
0.00800689213254285
0.012770835199955049
0.004305910144261399
0.008468119860918201
0.010488189695599236
0.009816118971273631
0.007075521035100782
0.012305523722127454
0.0026998688795756625
0.014170061303426287
0.006561479455132372
0.01774037076636718
0.0070348442271155566
0.009744943344605959
0.009343145216095017
0.01118439300731338
0.0048319348313432915
0.01771203686065954
0.009040255295248063
0.007050123767049542
0.013628643371190319
0.01015632352405907
0.009879182399138894
0.009604953615747704
0.006761614306536736
0.01591116348046796
0.011252049059768834
0.018420069023582068
0.01359751347944142
0.0170827297623805
0.0035607184954058574
0.007614079564588485
0.00798646579782583
0.007692587890623155
0.01506353312516466
0.008575297363460707
0.007504639553785384
0.005882297327677735
0.007776815728747275
0.013261088223580653
0.010293325031584644
0.010305433466435258
0.009811219165072228
0.009528280447128085
0.007618677070902922
0.00959897984428846
0.009009483268945673
0.005423670528619588
0.0074043294385737705
0.01313095653343125
0.009759749306536225
0.005764848536497104
0.007350984410330775
0.005685092685952279
0.007918864958905049
0.009817941209495204
0.0034064667630182718
0.006342103752365704
0.010294127344558295
0.005395792358939491
0.008019801583039315
0.009369875774357946
0.007181418840248616
0.009195215377848266
0.006718971728375503
0.010619175859493856
0.011170759603985798
0.005698491414662867
0.001505054377329199
0.006406042092928932
0.009700069310058361
0.013860446548035234
0.007006149435091118
0.004538129576409403
0.012131118680076776
0.01184397744035225
0.009598727414552307
0.003785821473358144
0.01466313937536975
0.007753438640450132
0.012383847469403953
0.012020227054147107
0.00628947699423294
0.009609259051131911
0.008790733100878509
0.006890473910505463
0.009642523083153148
0.012296107915179266
0.00888770335379731
0.007063762423650907
0.006829970391956449
0.032686139691865373
0.00705828923800253
0.009608551441145256
0.007646083394199096
0.011725994916465806
0.006527697662220601
0.012468961597415206
0.0078733856438521
0.01702198545723009
0.008393610062588146
0.004844279306262899
0.011110346646442079
0.0056818395104879195
0.01158599363518034
0.005524599532814936
0.012531870662969713
0.00922356097785506
0.012284905860076616
0.007946921762826872
0.014236118775388964
0.010005915891481167
0.008198664700115713
0.007685975658305877
0.009197554365663841
0.009918591186280714
0.008568255676878234
0.006351957849582084
0.0102568338654703
0.016037226903688653
0.005971162641911742
0.007865496906170895
0.007387546344392093
0.009889447540902494
0.007760635781825425
0.007556195425534465
0.011744639955513189
0.011403927180005258
0.007366594654088636
0.0074000665802813215
0.02200135145200707
0.008557610328021555
0.005342758186758074
0.006163457429077708
0.004822598940008917
0.012843212511245525
0.014660951617491463
0.0051973962581855875
0.006293756935397544
0.011710858905380855
0.006997697937691264
0.005838642929269014
0.008821818718264065
0.010331774804456118
0.00884884619172106
0.0073074751120341805
0.007959225096032975
0.012902339133482061
0.011427464605975792
0.013001210102230815
0.01211779562942737
0.01050543443427715
0.011096191703823866
0.011188604511110539
0.011487304943140637
0.014107726431265087
0.011440431560709697
0.0061428671430684085
0.005831932756289331
0.009711431444924284
0.006936946479759474
0.004665746039753132
0.007828999888645851
0.008275751010151855
0.009988037868397213
0.008811867537451872
0.012580636596451688
0.010263137549665017
0.007898142667563637
0.008074593152906633
0.0060544781783241925
0.0075205454828491496
0.012718679390872342
0.014198211105596506
0.005361540387111483
0.0064543758279908495
0.0058295380280262024
0.010637078763760638
0.005548073741230662
0.007229942504492134
0.011321331464811608
0.006063277297073461
0.0103160546212698
0.013373044625565766
0.008878143193959754
0.01010758648155992
0.023286525737702755
0.011640355666893093
0.004816079684060158
0.008479438543516665
0.008179141410177221
0.0077746348971246895
0.01778553609269282
0.012555158462930762
0.008390438504267055
0.01249725571127596
0.011380768479615081
0.006350647721885458
0.005305090466989385
0.006400156130578538
0.01293211697537241
0.009419384880489745
0.008068126554692146
0.007586478232762438
0.0057011263318824165
0.008887929681369892
0.010774021962396378
0.005959820827696612
0.007157708005787135
0.011273989692817532
0.014183347792124087
0.006327385694734332
0.010832610343410645
0.004862848938983755
0.008652929490425006
0.011223021605614494
0.00784571351418871
0.005478621040069153
0.01300579975868652
0.010305787867774908
0.008606022117129951
0.006413881943484037
0.008197159091073882
0.010386903155860033
0.006781840614491577
0.008323477240080274
0.005843338915200656
0.010143355592267308
0.01113213874160223
0.008248192701886193
0.003791156279245029
0.01126569963611566
0.011206987323855935
0.005296157706948168
0.012740033838573332
0.009917611329256623
0.007288221942145327
0.00846942882122372
0.007557088591546631
0.008633919277760553
0.013696858642099324
0.0036470248848973924
0.011829937812140423
0.009697499663535898
0.008697062105489524
0.009226911969579497
0.008159264949762322
0.012617594556830985
0.011117129765547537
0.004404413727230535
0.010509579925135274
0.006787218454447522
0.004584500415633291
0.01639937585630259
0.0061189889507994736
0.006027281555847532
0.008426464861129032
0.00959453522660761
0.011926743974104263
0.007548112399665103
0.0046770118108006775
0.006811303946001881
0.006259217401035726
0.010950061144088554
0.0077864990320702055
0.012244799179803612
0.007260349807311668
0.00783122968192236
0.004760715554499409
0.010340712482244493
0.005908750642890727
0.004617648225717109
0.019472513839554378
0.007179038059228473
0.018868238086306298
0.006109337708613247
0.005273094713317924
0.013146212509633335
0.0051871438452885865
0.005178435071422603
0.005653391994084815
0.01342100767191644
0.010903994673660928
0.006011801850607336
0.0035459514281150927
0.006121671163414708
0.009277653158657917
0.007434297852709061
0.014663805230109751
0.007037598020607439
0.011034379869905546
0.006379678186151953
0.008699929026749896
0.004282868981280786
0.007786246053537392
0.011624136123073938
0.01300232488562483
0.005222206219322326
0.007846161495591246
0.012489204485119393
0.007783072319821841
0.008749804017479055
0.005556190660315269
0.0153477252906655
0.0072763021589347466
0.006718988699508898
0.00869397053212497
0.0075340332077181394
0.011801785042854382
0.00452292405525853
0.0027427350977755373
0.009175799887358638
0.011405372292617401
0.008836391039434467
0.0053879406314222295
0.00843330055206096
0.004375039438724374
0.011835943476815283
0.0060538564919160945
0.009161619171298298
0.01766694926512098
0.0059914706058507095
0.017763455799315587
0.004725967002899532
0.013285010032452796
0.014063305287946061
0.012532623810483723
0.009094872051990601
0.005117110889082114
0.011258544602326158
0.015972185718257346
0.007962860341922801
0.016570933445945835
0.004917341902730951
0.014500255835545647
