-6.013933925505532e-19
1.6446647076881685e-5
3.280851762244e-5
4.9170388167998644e-5
6.38770003523569e-5
7.824818060143187e-5
9.135009615662583e-5
0.00010445201171181927
0.00011862277947207197
0.00013139203954232724
0.00014254685999057768
0.0001537016804388281
0.000167009254383875
0.00018114948495341233
0.00019472662951721664
0.0002083037740810207
0.00022147476113672495
0.00023555003119322002
0.00025041576025651045
0.00026528148931980134
0.0002805617075259831
0.0002936599493372218
0.0003052630414141985
0.0003168661334911753
0.0003281609063578849
0.0003400782698226181
0.00034990625737665203
0.0003597342449306856
0.0003687572473075055
0.0003777152752761208
0.0003863999734025276
0.00039508467152893427
0.00040307652373814534
0.0004117340973428991
0.0004205373534772603
0.0004293406096116221
0.0004383215898625439
0.0004478182015943773
0.0004571865036330213
0.00046655480567166517
0.0004744476052824971
0.0004823935657727691
0.0004909702142338486
0.0004995468626949278
0.0005073242928411598
0.0005151134855957741
0.0005233591824826467
0.0005316048793695195
0.0005393460556556476
0.0005466493580981895
0.0005555876881860088
0.0005645260182738274
0.00057279715305264
0.0005802673708416617
0.0005874724886948498
0.0005946776065480378
0.0006008516426224445
0.0006077288507556938
0.0006149680528374277
0.0006222072549191614
0.0006280941571256925
0.0006337094180141376
0.0006372567635640272
0.0006408041091139165
0.0006438840834176637
0.0006469367456492108
0.0006522524219929272
0.0006575680983366438
0.0006627950226050437
0.00066710558707628
0.0006735230850366686
0.0006799405829970569
0.0006859714192982184
0.0006916044888609082
0.0006966404997756407
0.0007016765106903726
0.0007065981832776933
0.0007112911792101915
0.0007162699232493918
0.0007212486672885921
0.0007260285279585568
0.0007300350653100682
0.0007315780955684292
0.0007331211258267897
0.0007342059761865688
0.000735113322395715
0.0007386873654456943
0.0007422614084956742
0.0007458217955095538
0.0007484474400311479
0.0007501025538745207
0.0007517576677178933
0.0007532769609022225
0.0007520916543361477
0.0007531014244632233
0.0007541111945902997
0.000755472550746797
0.0007547332564644734
0.0007543775600500895
0.0007540218636357052
0.0007532657087264257
0.0007511751631991338
0.0007484775740458277
0.0007457799848925214
0.0007428634588174228
0.0007389378915408343
0.0007372708097032939
0.000735603727865753
0.0007339425273324033
0.000730682890169359
0.0007277587915777679
0.0007248346929861766
0.0007219371748343049
0.000716088651826809
0.0007085385585261628
0.0007009884652255167
0.0006936961876653256
0.0006867593583382565
0.0006817958859003669
0.0006768324134624773
0.0006722018017223585
0.0006661854981478486
0.000658022105067139
0.0006498587119864288
0.0006416628317016164
0.0006318569810623773
0.0006207546156357362
0.000609652250209095
0.0005988611800814662
0.000587453471533303
0.0005763283604426262
0.0005652032493519499
0.0005529871500638012
0.0005416000290614348
0.0005291283696215978
0.0005166567101817607
0.0005046371922423192
0.0004918053592866771
0.0004796953951150155
0.0004675854309433539
0.00045589179508393764
0.0004485036662181142
0.0004398908310542385
0.00043127799589036256
0.000421964406881488
0.0004147885222827318
0.00040745545810472964
0.0004001223939267273
0.00039240688133541197
0.00038138085202169675
0.00037539568076130214
0.00036941050950090764
0.0003634253382405134
0.0003576097200427669
0.0003538634047537764
0.00035011708946478584
0.0003465384901434373
0.0003454984202098507
0.00034559178754789476
0.0003456851548859381
0.0003464792760689804
0.0003505022764960326
0.0003527308123333795
0.0003549593481707265
0.0003567715556958284
0.00035970993523239624
0.00036123170001860493
0.00036275346480481324
0.00036382308809062636
0.0003633117933628479
0.00036597306311638865
0.0003686343328699296
0.0003723865908209422
0.00037912914824047867
0.00038231538028324265
0.0003855016123260064
0.00038837654906975826
0.0003954302376349094
0.00040089646905697054
0.0004063627004790314
0.0004118614191051946
0.0004179067974157748
0.00042249873876487576
0.0004270906801139772
0.0004313497607653071
0.0004353174763574218
0.00043879319823356117
0.00044226892010970067
0.00044548682624538454
0.0004489613517674469
0.0004529732160484312
0.0004569850803294153
0.0004609703641706795
0.0004636942720703285
0.0004643380546929276
0.00046498183731552643
0.00046561973863393425
0.0004653446316878248
0.00046417467617308305
0.0004630047206583413
0.0004620537020653931
0.0004578326281818902
0.00045565278301970514
0.00045347293785752
0.0004516935511902302
0.000450444364394609
0.0004477909067625014
0.0004450989622491347
0.000442055431706347
0.00043828791326659124
0.0004341935617875749
0.0004300992103085589
0.0004261406794885858
0.00042631797934572404
0.00042806690044028793
0.00042981582153485154
0.0004315783986655151
0.0004288149475718403
0.00042744353243765056
0.0004260721173034608
0.00042515888206785314
0.00042003177985394115
0.00041388526466727585
0.0004077387494806103
0.00040179111766318077
0.0003970376031416673
0.000393783123233808
0.000390528643325949
0.0003873885017455011
0.00038367686395164867
0.000378691628451115
0.00037370639295058127
0.00036910781910927447
0.0003694362594542682
0.0003719139465482807
0.00037439163364229305
0.0003769580728116221
0.0003741911182992841
0.00037553266568181423
0.0003768742130643449
0.00037868313169301716
0.0003824331116781346
0.000391132305605087
0.00039983149953204
0.0004098829933341944
0.0004155443337500476
0.0004218864635024164
0.0004282285932547854
0.0004356210482265647
0.00044224630746246584
0.0004549959037905796
0.00046774550011869346
0.0004811622917558138
0.0004957931706449615
0.0005152932890454758
0.0005347934074459901
0.0005547980464472495
0.0005702857145704133
0.0005891480561678589
0.0006080103977653048
0.000627671957677598
0.000646662440446986
0.000674436444492129
0.0007022104485372719
0.000731459955010227
0.0007641126020694823
0.0007936260149001193
0.0008231394277307562
0.0008524751164448325
0.0008778640913805503
0.0009064498675816883
0.0009350356437828267
0.0009643142659011611
0.0009978870670318953
0.0010406375553796419
0.0010833880437273876
0.0011269435172523475
0.0011730920203521095
0.0012243056871528502
0.0012755193539535905
0.0013270413399645987
0.0013779981310606331
0.0014273363632379909
0.001476674595415348
0.0015255983384498144
0.0015769799883653
0.001657784676941009
0.0017385893655167167
0.001819800211600526
0.0018995673201163722
0.001977990850691124
0.0020564143812658755
0.002132685158343833
0.002211405348017892
0.0022839433841783507
0.0023564814203388077
0.002427950604294208
0.0024997341474080974
0.00258376218837257
0.002668219694228387
0.0027543324584454044
0.002830363506555778
0.002911732551461731
0.0029931015963676846
0.0030743858647423123
0.0031515315272994285
0.0032288291808116616
0.0033061268343238916
0.003382155223142241
0.0034559167374173315
0.0035342505055732136
0.0036125842737290952
0.0036893036022629735
0.0037696118599762616
0.003855106557483666
0.003940601254991073
0.0040255328664927465
0.0041135492624411315
0.0042138059697662805
0.0043140626770914285
0.0044151098434233715
0.004509811880792674
0.004607139104075791
0.004704466327358908
0.0048002984009077624
0.00490324312521016
0.0050196338477641505
0.0051360245703181385
0.0052503259169614305
0.0053678021778909004
0.005476999586393703
0.005586196994896504
0.005695121073557096
0.005806952026140648
0.005936516184640678
0.006066080343140708
0.006195790184170346
0.006326484012631934
0.006479647550253866
0.006632811087875801
0.006785846315804541
0.006937806866215444
0.007112074363236368
0.00728634186025729
0.007461240045249022
0.007640298480794854
0.007826358738239468
0.008012418995684077
0.008198935757260948
0.008387242215975081
0.008588613363714737
0.008789984511454393
0.008992990686839335
0.009191914404781627
0.009406589914412504
0.009621265424043377
0.009835675833738415
0.01005289478510643
0.010284454954887537
0.01051601512466864
0.010747937288398226
0.01098051311820634
0.011226844839532395
0.011473176560858457
0.01171744036684597
0.01195856093035862
0.012205785770583767
0.012453010610808913
0.012702498465146223
0.01294920224756457
0.013204138211560669
0.01345907417555677
0.013716117073042015
0.013975198796472766
0.014228164593393398
0.014481130390314036
0.014733499128586713
0.014982869797632086
0.015234511372505715
0.015486152947379338
0.01573808027035967
0.015992554788753367
0.016252548958491212
0.016512543128229057
0.016770073790873755
0.01702330596002041
0.017280505786330915
0.017537705612641424
0.017797572135792767
0.018049221655154362
0.01829905024767843
0.018548878840202506
0.018797736902048362
0.01903669653601055
0.019278354438987802
0.019520012341965053
0.019763865321635456
0.020006356722632828
0.020249026407067345
0.020491696091501865
0.020734749373804325
0.020965553981922347
0.02119982947518384
0.021434104968445347
0.02166777341808082
0.021891703388693572
0.02211589832255035
0.022340093256407133
0.022566546675702983
0.022786250748050258
0.023003869630729833
0.023221488513409393
0.02343944293466041
0.023639830313359915
0.023835936148023887
0.024032041982687845
0.024227356663311737
0.02442894981239287
0.024628195199033875
0.02482744058567489
0.025028436271438626
0.02522303835467151
0.025419385079497828
0.02561573180432416
0.02580945807394537
0.025984828969132595
0.026158085314704642
0.0263313416602767
0.026502420925910923
0.026663369864143183
0.02682538601487736
0.02698740216561154
0.027150162405732096
0.027316159763689996
0.027480182724065386
0.027644205684440763
0.027806566446366525
0.027910081130971813
0.028011858521439646
0.028113635911907457
0.028216135171159267
0.02832132158629326
0.028427660847237052
0.02853400010818083
0.028639257335974076
0.028756878870794506
0.028873618220461562
0.028990357570128616
0.029107537470781982
0.029200228375734202
0.029291991038895022
0.02938375370205586
0.029480724572029833
0.029567019448412665
0.02965492647176598
0.029744295419303908
0.029835733669750595
0.02992686793828707
0.030017547117476794
0.030107479093172882
0.030198544506140623
0.0302804654113468
0.030361176847461625
0.030441326849487117
0.03051968238692288
0.03058766504477041
0.030653764841886016
0.030719487430919807
0.030783290295311252
0.030822612536949182
0.03086167475254636
0.03090273977336897
0.03094697735867291
0.03098596457214921
0.031025397069926082
0.031064829567702935
0.03110070574010301
0.03110968991599991
0.03111841888864775
0.031127551119336575
0.03113509589288228
0.031159198371281314
0.0311842063893778
0.031209214407474296
0.031232768988609307
0.031220857157911355
0.03121074201084898
0.031200626863786607
0.031190019723008267
0.031134473163909233
0.031081046495979144
0.03102761982804905
0.030974730498877882
0.030877227276486667
0.03078027000088638
0.03068331272528609
0.03058427532440876
0.030471234279733868
0.030356785137000915
0.030242335994267962
0.030126992002966375
0.029985518633613744
0.029847147511105374
0.029708776388597025
0.029572446494809987
0.02940461301764581
0.029236966475687944
0.029069319933730048
0.028900269120935677
0.02870257435819638
0.028504750933262626
0.02830692750832888
0.028108777250355852
0.027883115209346946
0.02765447094452395
0.027425826679700928
0.02719875403611533
0.02695947283910475
0.02672160095602639
0.026483729072948034
0.026247249225829154
0.02599430501555477
0.025741468890334455
0.025488632765114136
0.025234777226921037
0.0249931535417482
0.02475126879868524
0.0245093840556223
0.02426899834717301
0.024024070827067187
0.023780422490622906
0.02353677415417862
0.023291852220027665
0.023035890983188385
0.022782360111093813
0.022528829238999223
0.022277447613653675
0.022018130673980434
0.021761597751816388
0.021505064829652327
0.021252640409383145
0.021003857842789027
0.020753324261949792
0.02050279068111055
0.020257206314213145
0.02000622540928561
0.019755964561027784
0.01950570371276995
0.01925612365384864
0.019006187028053036
0.018755882982737674
0.018505578937422305
0.018261399229199154
0.01801032815028175
0.017759410958120624
0.017508493765959504
0.01726244581330974
0.017015867934171876
0.01677009709010427
0.016524326246036652
0.01628193007544331
0.0160437042841854
0.015806222887604172
0.015568741491022952
0.015340043615717483
0.015119908828483106
0.014899701870755788
0.014677674080522311
0.014452507056060219
0.014232035556478362
0.01401270280413211
0.01379381616731878
0.013578126331770867
0.013358947213036066
0.013142189879079683
0.012926379276521112
0.012719746361179557
0.012517342545068281
0.012315144296565975
0.012114707178364544
0.011919335223864083
0.011721828844359792
0.011525243767993618
0.011327735707769676
0.011128609088627051
0.010933431264649487
0.010739322777498653
0.010545503120353891
0.010381106501869356
0.010220184471659781
0.010057337105972897
0.009894489740286016
0.00973029879665804
0.00956380216141047
0.00939887675917835
0.00923366601065125
0.009062273108610554
0.008892644576876607
0.00872552713899414
0.008557214239980534
0.008401145838817521
0.008246504456345944
0.008092786932641552
0.007938734711417494
0.007790020486989006
0.007638081968619525
0.007482737515578664
0.007327393062537809
0.007172200600452067
0.007017918317059773
0.006863428681468048
0.0067089390458763215
0.00655902166416539
0.006411523220637104
0.00626299833146358
0.006114473442290054
0.005971134992910646
0.005831562264995109
0.005694164202169728
0.0055570176942903405
0.005432111497787715
0.005307725353366568
0.005178626215824592
0.005049527078282613
0.0049230531266544475
0.004795688606425179
0.004670976771208304
0.004546264935991436
0.004434999099026157
0.004324243668559009
0.004214430529166258
0.00410461738977351
0.00398652539795409
0.003866622326739799
0.003747595062640713
0.003628567798541629
0.003527273740359023
0.0034223863149052537
0.0033120278671127093
0.003201669419320163
0.0031137806806879648
0.0030223800887724545
0.0029309723602975856
0.002839564631822716
0.00277046384995787
0.002699654985994255
0.0026311454972788315
0.002562636008563408
0.0025011283417467624
0.002442436871046247
0.0023842832495106583
0.0023261296279750696
0.0022810406954650022
0.0022297472692663755
0.002173490818223537
0.002117234367180701
0.0020767297078264396
0.00203585117805956
0.0019944977670305272
0.001953144356001496
0.0019261129199449258
0.001899338808277287
0.0018731575131798982
0.001846976218082509
0.0018345508145030719
0.0018280898585518236
0.0018206493336005347
0.0018132088086492452
0.0018118725604104498
0.0018077176843072334
0.0018081075141148488
0.0018084973439224641
0.0018171193553078286
0.0018255251965850947
0.0018339070024690498
0.0018422888083530033
0.001844554687726838
0.0018473426828808917
0.0018631879054514468
0.0018790331280220032
0.0018971492564208194
0.0019127070174965637
0.001937303748835701
0.001961900480174838
0.0019920168628581275
0.002017272516052029
0.0020499358460594193
0.0020825991760668105
0.0021192301632380465
0.0021502931153908893
0.0021943119976900105
0.002238330879989132
0.002280528835450727
0.0023262288194025394
0.0023762761164868753
0.0024263234135712113
0.002479068979670621
0.0025303744324305984
0.002582510124586284
0.0026346458167419715
0.0026869597923348055
0.0027400086069671523
0.0027974255704978366
0.0028548425340285196
0.0029156295835173307
0.002976108859493594
0.0030566389399848118
0.003137169020476032
0.0032179640642112954
0.0032971450378060842
0.003383028520951587
0.0034689120040970883
0.003552710297574883
0.0036350198016992835
0.0037403873957454242
0.003845754989791567
0.0039468410398021654
0.004048071430798642
0.0041725720836614105
0.004297072736524181
0.004419225626946828
0.0045391010228982695
0.004666791403321295
0.004794481783744316
0.004923916805760779
0.00504850825822043
0.005188982293636671
0.0053294563290529175
0.005467815814854021
0.005605764165437179
0.0057466430195396954
0.00588752187364221
0.006029467940246643
0.006169571400574851
0.0063328842551354176
0.006496197109695991
0.006657535566674031
0.006816735349998615
0.0070053362397011
0.007193937129403594
0.007380800724968601
0.007571514991488228
0.007790530765682362
0.008009546539876495
0.00822971515988043
0.008446741313853456
0.008678272174895207
0.008909803035936964
0.009140451711825343
0.009366078200010756
0.009584084572401591
0.009802090944792424
0.010019383807837536
0.010234828953348282
0.010495478789008698
0.010756128624669114
0.011018390607300034
0.011283078686719862
0.011557162841118745
0.011831246995517637
0.012104876060569788
0.012381161440501694
0.012648391864990019
0.012915622289478327
0.013181643244875321
0.013451401393830852
0.01373224513974186
0.014013088885652863
0.014292049770831938
0.01456779295007613
0.01485534494048582
0.015142896930895508
0.015430188895264452
0.015720898430198773
0.016010263927111645
0.016299629424024513
0.016589440205237945
0.016873945616426567
0.017174414307482753
0.017474882998538943
0.01777509648634607
0.01807221561788152
0.018378491856946955
0.018684768096012376
0.018991949874775236
0.019297380039307692
0.01960326864696424
0.0199091572546208
0.020216842545912918
0.020535469881882595
0.020856166169081244
0.021176862456279893
0.021498222776538324
0.02181959736991547
0.022142049313504362
0.022464501257093258
0.022788731524506882
0.023108363041424135
0.023428573166058696
0.023748783290693267
0.024067585317269775
0.024385311645516425
0.024701551374831213
0.025017791104146
0.025337133080305062
0.02566640110615255
0.02599391700658445
0.02632143290701637
0.02664913574265457
0.02697778834081709
0.02730533266281531
0.027632876984813547
0.027960292644617312
0.028286522671280578
0.028612222943398137
0.028937923215515703
0.029260641263819175
0.029585318450122744
0.029910362959457846
0.030235407468792934
0.030561861292060233
0.030879225703505857
0.031197340624297267
0.03151545554508866
0.031833678550934115
0.0321530864762196
0.0324727994094428
0.032792512342666016
0.03311196421799912
0.03340530163849922
0.03369814332672926
0.033990985014959334
0.03428510588685091
0.03456114881821572
0.03483767173259998
0.03511419464698423
0.0353931479261132
0.03565728585161519
0.035920563575912605
0.03618384130021
0.0364499030420166
0.036690052923530635
0.03693035327719647
0.037170653630862256
0.03740920297028295
0.037639057683438594
0.03786908732047066
0.03809911695750274
0.03832986665120454
0.038558955866114915
0.038787870157148845
0.03901678444818278
0.039245331319696965
0.039465141893414483
0.039684801994980236
0.03990451249613865
0.040124376884053334
0.04030413966293811
0.04048476264302746
0.040665385623116855
0.04084681563827644
0.0410148406343346
0.041182385647373296
0.04134993066041198
0.0415182200681274
0.04164039329599932
0.0417630622561413
0.041885731216283244
0.04200832800593225
0.042086205104354846
0.04216377719483973
0.04224021243667119
0.04231778642573825
0.04237928433032926
0.042440031725574485
0.04250077912081971
0.04256394830084332
0.04259440558355595
0.04262449554323706
0.04265458550291816
0.0426848810302082
0.042707554420158673
0.042730757564654824
0.04275396070915101
0.04277808515678528
0.04275671379981259
0.04273645071900422
0.04271618763819582
0.04269699389421416
0.04261899793747672
0.04254275410615482
0.04246651027483293
0.04238834110803376
0.042253568925885526
0.04212028334266918
0.041986997759452846
0.04185528340925194
0.04169484499120858
0.04153382796544791
0.041372810939687234
0.04121430500777801
0.04107223476858908
0.04092908717918845
0.0407859395897878
0.040643715859154335
0.040411417445741206
0.04017705008109908
0.03994268271645697
0.039707833265512714
0.03945419166461036
0.03920009162058389
0.03894599157655743
0.038690189773344284
0.03845249788101829
0.03820564888116233
0.03795879988130637
0.037709801567626475
0.037438632060035594
0.03715149927257717
0.036864366485118705
0.03657865394658682
0.03626932378572392
0.03596133766288246
0.03565335154004103
0.03534465803452963
0.035038652605061116
0.034720838364427124
0.03440302412379312
0.0340878625681715
0.033740774452814766
0.03338260074050255
0.03302442702819033
0.03266800212303441
0.032293263002818526
0.031927578838046256
0.03156189467327395
0.031197086315616865
0.030831361071711576
0.030456239752827248
0.030081118433942934
0.02970052609271982
0.029315795849038796
0.028886028263967915
0.02845698860795162
0.028027941815375965
0.027596740322376825
0.027173756675737848
0.02675015684058197
0.02632885638067428
0.025906398705331946
0.025469578996068363
0.025032759286804783
0.024596477426706127
0.024163168764471187
0.023701558594561772
0.023239948424652344
0.022773375229898703
0.02231030628597624
0.021817836235675854
0.021325366185375456
0.020832421253812933
0.020341692874579
0.01982821659304158
0.01931474031150415
0.018801856846536964
0.018290032890661164
0.017774397866115583
0.017258762841569988
0.016742148248024367
0.016224799008415666
0.015691093820151446
0.015157388631887266
0.014628228149533903
0.014097566648489001
0.013558867105206075
0.013020167561923148
0.012479170285940066
0.011937562994081549
0.01137359585660981
0.010809628719138091
0.010258718809082867
0.009708800363567733
0.009135823828130864
0.008562847292693992
0.007998909727520518
0.007434012196308092
0.006862412155544949
0.00629081211478181
0.005726619750832165
0.00516414778929169
0.004581625023236255
0.003999102257180813
0.003429535421271658
0.002859667641058966
0.0022854317119479477
0.0017111957828369268
0.0011413071668584212
0.0005710687031270748
2.211772431870429e-17
