0.0
0.0
0.0
0.0
0.75
0.0
0.975
0.0
0.967741935483871
0.0
0.96875
0.0
0.972972972972973
0.5
0.9705882352941176
0.5
0.9772727272727273
0.0
0.972972972972973
0.0
0.967741935483871
0.0
0.967741935483871
0.0
0.9772727272727273
0.0
0.972972972972973
0.0
0.975609756097561
0.5
0.975609756097561
0.0
0.9722222222222222
0.0
0.9696969696969697
0.75
0.9803921568627451
0.75
1.0
0.8
1.0
0.75
0.9736842105263158
0.8333333333333334
1.0204081632653061
0.8
1.0
0.8571428571428571
1.0606060606060606
0.8
1.0571428571428572
0.8
1.0930232558139534
0.8333333333333334
1.0816326530612246
0.8571428571428571
1.09375
0.8571428571428571
1.03125
0.8333333333333334
1.0
0.9166666666666666
1.0833333333333333
0.9
1.131578947368421
1.0
1.0576923076923077
1.0
1.1
1.0
1.0681818181818181
1.0
1.0666666666666667
1.0
1.1904761904761905
1.1111111111111112
1.0806451612903225
1.1111111111111112
1.119047619047619
1.1111111111111112
1.0454545454545454
1.0
1.1428571428571428
1.1111111111111112
1.170731707317073
1.1111111111111112
1.2222222222222223
1.1666666666666667
1.25
1.2222222222222223
1.3404255319148937
1.1
1.2452830188679245
1.25
1.25
1.1111111111111112
1.2926829268292683
1.3
1.25
1.0
1.411764705882353
1.0
1.372093023255814
1.0
1.0975609756097562
1.0
1.0980392156862746
1.0
1.278688524590164
1.0
1.1111111111111112
1.0
1.2115384615384615
1.0
1.1875
1.0
1.2884615384615385
1.0
1.0731707317073171
1.0769230769230769
1.22
1.0769230769230769
1.3137254901960784
1.2307692307692308
1.3653846153846154
1.0909090909090908
1.1886792452830188
1.0909090909090908
1.3269230769230769
1.2666666666666666
1.2
1.2666666666666666
1.275
1.3529411764705883
1.3333333333333333
1.3846153846153846
1.3
1.3846153846153846
1.302325581395349
1.3333333333333333
1.275
1.4285714285714286
1.2444444444444445
1.5
1.2916666666666667
1.5
1.4090909090909092
1.625
1.5333333333333334
1.625
1.5714285714285714
1.5294117647058822
1.5
1.5625
1.3148148148148149
1.6666666666666667
1.4166666666666667
1.5333333333333334
1.3777777777777778
1.5
1.3181818181818181
1.25
1.2040816326530612
1.3333333333333333
1.2222222222222223
1.3333333333333333
1.2115384615384615
1.2
1.1388888888888888
1.0
1.1818181818181819
1.0
1.0666666666666667
1.1111111111111112
1.1470588235294117
1.0
1.131578947368421
1.2
1.255813953488372
1.25
1.2653061224489797
1.25
1.1428571428571428
1.2307692307692308
1.135135135135135
1.3571428571428572
1.2432432432432432
1.411764705882353
1.3829787234042554
1.3333333333333333
1.3478260869565217
1.4
1.2894736842105263
1.5
1.4038461538461537
1.2857142857142858
1.411764705882353
1.3181818181818181
1.3518518518518519
1.368421052631579
1.2264150943396226
1.3636363636363635
1.2857142857142858
1.3043478260869565
1.3064516129032258
1.4285714285714286
1.2916666666666667
1.5666666666666667
1.4366197183098592
1.6470588235294117
1.3670886075949367
1.5806451612903225
1.4166666666666667
1.5862068965517242
1.3142857142857143
1.4583333333333333
1.3220338983050848
1.6206896551724137
1.328125
1.5862068965517242
1.353846153846154
1.5333333333333334
1.328125
1.6071428571428572
1.4310344827586208
1.6296296296296295
1.265625
1.7916666666666667
1.4509803921568627
1.7777777777777777
1.4264705882352942
1.7666666666666666
1.28125
1.6666666666666667
1.25
1.625
1.3454545454545455
1.64
1.2878787878787878
1.56
1.3157894736842106
1.5
1.2
1.4615384615384615
1.234375
1.5925925925925926
1.4736842105263157
1.6785714285714286
1.4776119402985075
1.8
1.3968253968253967
1.5833333333333333
1.3492063492063493
1.7692307692307692
1.3114754098360655
1.7307692307692308
1.5
1.7916666666666667
1.5344827586206897
1.84
1.523076923076923
1.8
1.5483870967741935
1.88
1.4918032786885247
1.9130434782608696
1.4807692307692308
1.8181818181818181
1.5660377358490567
1.9565217391304348
1.6666666666666667
1.96
1.6
2.0416666666666665
1.5510204081632653
1.9
1.7727272727272727
1.8636363636363635
1.5857142857142856
1.9523809523809523
1.4912280701754386
1.65
1.6538461538461537
1.6956521739130435
1.5689655172413792
1.9545454545454546
1.75
2.1363636363636362
1.8636363636363635
2.15
1.6538461538461537
2.409090909090909
1.9791666666666667
2.0416666666666665
1.8472222222222223
2.0952380952380953
2.0657894736842106
2.129032258064516
1.8309859154929577
2.0384615384615383
1.7671232876712328
2.130434782608696
1.9649122807017543
1.8636363636363635
1.9166666666666667
1.7727272727272727
1.9166666666666667
2.0
2.0
1.7307692307692308
2.0125
1.4814814814814814
2.028985507246377
1.7333333333333334
2.1549295774647885
1.7407407407407407
1.984375
1.5384615384615385
2.0925925925925926
1.6551724137931034
2.0350877192982457
1.71875
2.3714285714285714
1.7777777777777777
2.3
1.59375
2.189655172413793
1.5806451612903225
2.234375
1.8484848484848484
2.263157894736842
1.896551724137931
2.391891891891892
1.9
2.2941176470588234
1.9090909090909092
2.2857142857142856
1.9
2.1690140845070425
2.032258064516129
2.3333333333333335
2.0
2.414285714285714
1.9375
2.3378378378378377
1.9259259259259258
2.3442622950819674
1.9655172413793103
2.63768115942029
2.1333333333333333
2.557142857142857
2.1818181818181817
2.5714285714285716
2.206896551724138
2.75
2.130434782608696
2.6825396825396823
2.269230769230769
2.72972972972973
2.2222222222222223
2.6545454545454548
2.0833333333333335
2.59375
2.074074074074074
2.5396825396825395
2.1785714285714284
2.5789473684210527
2.1153846153846154
2.646153846153846
2.185185185185185
2.703125
2.2
2.6666666666666665
2.3703703703703702
2.6538461538461537
2.3461538461538463
2.6923076923076925
2.48
2.7419354838709675
2.25
2.6666666666666665
2.2
2.7704918032786887
2.36
2.7454545454545456
2.130434782608696
2.590909090909091
2.090909090909091
2.7313432835820897
2.0
2.75
2.15
2.737704918032787
2.1666666666666665
2.7719298245614037
2.272727272727273
2.7611940298507465
2.3076923076923075
2.7142857142857144
2.4074074074074074
2.706896551724138
2.36
2.75
2.586206896551724
2.8656716417910446
2.64
2.863013698630137
2.5
2.7903225806451615
2.4166666666666665
2.796875
2.3846153846153846
2.7454545454545456
2.4444444444444446
2.8225806451612905
2.52
2.9178082191780823
2.5185185185185186
2.869565217391304
2.6
2.859154929577465
2.533333333333333
2.9107142857142856
2.6285714285714286
2.9743589743589745
2.6363636363636362
2.8
2.4375
2.8225806451612905
2.4545454545454546
2.873015873015873
2.5357142857142856
3.033333333333333
2.606060606060606
3.013888888888889
2.763157894736842
2.9402985074626864
2.696969696969697
2.8852459016393444
2.53125
2.9166666666666665
2.5806451612903225
2.925373134328358
2.3703703703703702
2.784313725490196
2.2916666666666665
2.7636363636363637
2.125
2.7884615384615383
2.24
2.8958333333333335
2.3
2.9183673469387754
2.4285714285714284
3.046875
2.48
2.9047619047619047
2.4814814814814814
3.076923076923077
2.772727272727273
3.1029411764705883
2.642857142857143
3.0
2.823529411764706
2.9047619047619047
2.7333333333333334
3.0
3.0
2.870967741935484
3.1666666666666665
3.0344827586206895
3.0
3.0208333333333335
3.0
3.0444444444444443
3.111111111111111
2.9696969696969697
3.24
3.1
3.161290322580645
3.121212121212121
3.357142857142857
3.1052631578947367
3.4193548387096775
3.111111111111111
3.4482758620689653
3.4210526315789473
3.675
3.25
3.5714285714285716
3.4285714285714284
3.6470588235294117
3.3333333333333335
3.5714285714285716
3.25
3.6176470588235294
3.422222222222222
3.5806451612903225
3.422222222222222
3.611111111111111
3.4
3.6470588235294117
3.3469387755102042
3.675675675675676
3.340909090909091
3.53125
3.1944444444444446
3.7142857142857144
3.3
3.6923076923076925
3.30188679245283
3.7906976744186047
3.45
3.6875
3.2045454545454546
3.6944444444444446
3.3055555555555554
3.707317073170732
3.3421052631578947
3.7906976744186047
3.34
3.7948717948717947
3.340909090909091
3.830188679245283
3.5
3.871794871794872
3.473684210526316
3.851063829787234
3.4193548387096775
3.8518518518518516
3.3666666666666667
3.8333333333333335
3.4
3.825
3.4482758620689653
3.847826086956522
3.3870967741935485
3.9285714285714284
3.52
3.981818181818182
3.393939393939394
3.92
3.5142857142857142
3.9
3.7666666666666666
3.909090909090909
3.4285714285714284
3.7837837837837838
3.409090909090909
3.8421052631578947
3.5
3.980392156862745
3.65625
3.9
3.4074074074074074
3.9148936170212765
3.5
3.85
3.4642857142857144
3.9583333333333335
3.7142857142857144
3.9523809523809526
3.44
3.891891891891892
3.5555555555555554
3.9454545454545453
3.6315789473684212
3.92
3.7
3.9411764705882355
3.772727272727273
3.98
3.8
3.96875
3.78125
3.9743589743589745
3.657142857142857
3.984126984126984
3.7941176470588234
3.98
3.6944444444444446
3.9661016949152543
3.7916666666666665
3.9347826086956523
3.5625
3.9473684210526314
3.6451612903225805
3.953488372093023
3.642857142857143
4.019607843137255
3.6216216216216215
4.076923076923077
3.7142857142857144
4.0
3.727272727272727
3.972972972972973
3.4864864864864864
4.0
3.675
4.1063829787234045
3.4651162790697674
4.069767441860465
3.641025641025641
4.166666666666667
3.658536585365854
4.056603773584905
3.71875
4.125
3.806451612903226
4.186046511627907
3.888888888888889
4.071428571428571
3.7142857142857144
4.138888888888889
3.6857142857142855
4.147058823529412
3.5681818181818183
4.2631578947368425
3.6842105263157894
4.135135135135135
3.6097560975609757
4.103448275862069
3.6136363636363638
4.125
3.5625
4.172413793103448
3.6122448979591835
4.238095238095238
3.6097560975609757
4.3023255813953485
3.731707317073171
4.264705882352941
3.5714285714285716
4.378378378378378
3.575
4.309523809523809
3.4545454545454546
4.260869565217392
3.7045454545454546
4.4
3.757575757575758
4.465116279069767
3.736842105263158
4.410256410256411
3.697674418604651
4.361702127659575
3.6744186046511627
4.434782608695652
3.9767441860465116
4.48
4.0
4.56140350877193
3.857142857142857
4.553571428571429
4.057142857142857
4.509090909090909
4.057142857142857
4.611111111111111
3.7560975609756095
4.688888888888889
4.15
4.666666666666667
3.891304347826087
4.54054054054054
3.74
4.425531914893617
3.5918367346938775
4.411764705882353
3.6363636363636362
4.4222222222222225
3.8378378378378377
4.377358490566038
3.8292682926829267
4.428571428571429
3.880952380952381
4.489795918367347
3.7142857142857144
4.534883720930233
3.8285714285714287
4.5
3.9
4.560975609756097
3.9714285714285715
4.428571428571429
3.7058823529411766
4.525
3.7777777777777777
4.73469387755102
3.878787878787879
4.666666666666667
3.926829268292683
4.7272727272727275
3.9444444444444446
4.647058823529412
3.676470588235294
4.414634146341464
3.861111111111111
4.555555555555555
3.9047619047619047
4.5
4.34375
4.5344827586206895
4.023255813953488
4.594594594594595
4.206896551724138
4.568181818181818
3.9411764705882355
4.638297872340425
3.9047619047619047
4.742857142857143
3.849056603773585
4.589743589743589
4.023809523809524
4.813953488372093
4.138888888888889
4.805555555555555
3.7555555555555555
4.555555555555555
3.902439024390244
4.475
3.872340425531915
4.391304347826087
3.8863636363636362
4.4222222222222225
3.7037037037037037
4.388888888888889
3.830188679245283
4.564102564102564
3.8076923076923075
4.473684210526316
3.6444444444444444
4.277777777777778
3.795918367346939
4.357142857142857
3.8979591836734695
4.612244897959184
3.8333333333333335
4.659090909090909
3.660377358490566
4.777777777777778
3.6153846153846154
4.513513513513513
3.8684210526315788
4.558139534883721
3.9
4.533333333333333
4.0
4.647058823529412
3.8181818181818183
4.714285714285714
3.849056603773585
4.723404255319149
3.8703703703703702
4.872340425531915
4.173913043478261
4.975609756097561
4.037735849056604
5.142857142857143
4.380952380952381
5.090909090909091
4.024390243902439
5.294117647058823
3.9375
5.509090909090909
4.025
5.162162162162162
4.0
5.166666666666667
3.6875
5.125
3.973684210526316
5.454545454545454
4.0
5.333333333333333
3.926829268292683
5.130434782608695
3.8484848484848486
5.275862068965517
4.066666666666666
5.212121212121212
3.951219512195122
5.15
4.03125
5.4
3.8684210526315788
5.2272727272727275
3.730769230769231
5.487179487179487
4.0
5.0256410256410255
3.7
5.290322580645161
3.7333333333333334
5.439024390243903
3.95
5.675675675675675
3.9714285714285715
6.019607843137255
3.6904761904761907
5.775
3.8157894736842106
6.155555555555556
4.142857142857143
6.4655172413793105
4.2592592592592595
6.477611940298507
4.676470588235294
6.526315789473684
4.75
5.9245283018867925
4.277777777777778
6.08
4.294117647058823
6.262295081967213
4.514285714285714
6.467741935483871
4.903225806451613
6.55
4.926829268292683
6.614285714285714
4.896551724137931
6.705882352941177
5.090909090909091
6.47457627118644
5.315789473684211
7.028169014084507
5.484848484848484
6.433333333333334
5.171428571428572
6.881578947368421
5.153846153846154
6.809523809523809
5.066666666666666
7.225352112676056
5.407407407407407
7.2631578947368425
6.03030303030303
7.139240506329114
5.774193548387097
7.139240506329114
5.705882352941177
7.033333333333333
5.758620689655173
7.21875
5.785714285714286
7.416666666666667
5.535714285714286
7.065573770491803
5.71875
7.421052631578948
5.71875
7.175675675675675
5.935483870967742
7.121212121212121
5.7
7.352112676056338
6.0
7.445783132530121
5.823529411764706
6.857142857142857
5.947368421052632
7.223684210526316
6.0
7.355263157894737
6.081081081081081
7.402439024390244
6.305555555555555
7.574712643678161
6.0
7.309859154929577
5.96969696969697
7.3875
5.8125
7.525
6.103448275862069
7.642857142857143
6.1923076923076925
7.767123287671233
6.041666666666667
7.890625
6.238095238095238
8.015625
6.304347826086956
8.128571428571428
6.48
7.836363636363636
6.44
7.9375
6.48
8.271604938271604
6.416666666666667
7.953125
6.333333333333333
7.909090909090909
6.384615384615385
7.8
6.423076923076923
7.875
6.12
7.630769230769231
6.44
8.0
6.666666666666667
7.884615384615385
6.222222222222222
8.028985507246377
6.590909090909091
8.092307692307692
7.0
8.433333333333334
7.035714285714286
8.277777777777779
7.290322580645161
8.17910447761194
7.285714285714286
8.208333333333334
7.545454545454546
8.283582089552239
7.107142857142857
8.481481481481481
7.344827586206897
8.352941176470589
7.607142857142857
8.421052631578947
7.7407407407407405
8.492957746478874
7.5625
8.533333333333333
7.911764705882353
8.52112676056338
7.67741935483871
8.486486486486486
7.787878787878788
8.444444444444445
7.833333333333333
8.593023255813954
8.131578947368421
8.569767441860465
7.735294117647059
8.51388888888889
7.9393939393939394
8.54054054054054
8.0
8.605633802816902
8.255813953488373
8.7
8.511627906976743
8.727272727272727
8.295454545454545
8.642857142857142
8.428571428571429
8.74074074074074
8.571428571428571
8.911111111111111
8.775
8.873417721518987
8.704545454545455
8.922077922077921
8.761904761904763
8.935897435897436
8.75
8.848101265822784
8.81578947368421
9.0
8.886363636363637
8.893333333333333
8.837837837837839
8.886075949367088
9.022222222222222
9.011764705882353
8.981132075471699
8.89873417721519
8.97872340425532
9.0561797752809
9.125
9.072916666666666
9.08695652173913
9.051948051948052
8.953488372093023
9.096774193548388
9.065217391304348
9.10752688172043
9.192307692307692
9.011904761904763
8.974358974358974
9.050632911392405
9.093023255813954
9.174418604651162
9.261904761904763
9.117647058823529
9.131578947368421
9.078947368421053
9.210526315789474
8.9625
9.371428571428572
9.18918918918919
9.4
9.208333333333334
9.4375
9.25609756097561
9.606060606060606
