0.0
0.0
0.0
0.0
1.0
0.5
0.972972972972973
0.5
0.96875
0.0
0.975609756097561
0.6666666666666666
0.96875
0.0
0.967741935483871
0.0
0.9714285714285714
0.0
0.9772727272727273
0.0
0.9655172413793104
0.0
0.9545454545454546
0.0
0.975
0.0
0.975609756097561
0.0
0.9791666666666666
0.0
0.9743589743589743
0.5
0.9615384615384616
0.5
0.9736842105263158
0.5
0.9736842105263158
0.5
1.0
0.5
1.0
0.5
0.975609756097561
0.5
0.9761904761904762
0.75
1.0
0.75
1.0625
0.6666666666666666
1.0
0.75
1.0
0.5
1.0714285714285714
0.6666666666666666
1.0
0.5
1.048780487804878
0.6666666666666666
1.1428571428571428
0.5
1.0232558139534884
1.0
1.0789473684210527
0.75
1.0384615384615385
0.6666666666666666
1.0526315789473684
0.6666666666666666
1.0666666666666667
0.5
1.0
0.5
1.1568627450980393
0.5
1.0731707317073171
0.5
1.1333333333333333
0.5
1.0333333333333334
0.5
1.088235294117647
0.5
1.0
0.6666666666666666
0.9767441860465116
0.8
1.0
0.8
1.027027027027027
0.75
1.0232558139534884
0.6666666666666666
0.9787234042553191
0.5
1.0
0.5
1.0
0.5
1.0
0.6666666666666666
0.9696969696969697
0.5
1.0769230769230769
0.5
1.0
0.6666666666666666
1.0
0.6666666666666666
1.0
0.6666666666666666
1.048780487804878
0.75
1.1
0.75
1.1176470588235294
1.0
1.04
0.6666666666666666
1.2291666666666667
0.75
1.1714285714285715
1.0
1.2121212121212122
0.75
1.2553191489361701
0.75
1.1666666666666667
0.75
1.196078431372549
0.6666666666666666
1.1904761904761905
0.5
1.0816326530612246
0.6666666666666666
1.1481481481481481
0.5
1.075
0.6666666666666666
1.0869565217391304
0.5
1.09375
0.5
1.1333333333333333
0.6666666666666666
1.04
0.6666666666666666
1.12
0.5
1.1428571428571428
0.6666666666666666
1.1162790697674418
0.5
1.1714285714285715
0.5
1.0
0.5
1.027027027027027
0.5
1.0
0.6666666666666666
1.05
0.5
1.0
0.5
1.0
0.5
1.0294117647058822
1.0
1.0
1.0
1.1538461538461537
1.0
1.0232558139534884
1.0
1.1724137931034482
1.0
1.0851063829787233
1.0
1.16
1.1666666666666667
1.0909090909090908
1.0
1.1666666666666667
1.0
1.2142857142857142
1.0
1.1785714285714286
1.0
1.2075471698113207
1.0
1.3478260869565217
1.0
1.135135135135135
1.0
1.1785714285714286
1.0
1.1290322580645162
0.75
1.1521739130434783
0.75
1.2258064516129032
0.75
1.12
0.6666666666666666
1.0810810810810811
0.75
1.2195121951219512
0.75
1.14
0.6666666666666666
1.1063829787234043
1.0
1.1944444444444444
1.0
1.05
1.0
1.1025641025641026
1.0
1.2452830188679245
1.0
1.1
1.0
1.22
1.0
1.2777777777777777
0.75
1.2903225806451613
0.75
1.3235294117647058
0.75
1.2
0.8
1.1176470588235294
0.8
1.1875
0.75
1.146341463414634
0.75
1.1891891891891893
1.0
1.175
1.0
1.1923076923076923
1.0
1.088235294117647
1.0
1.103448275862069
0.75
1.108695652173913
0.6666666666666666
1.24
0.75
1.1904761904761905
0.75
1.1041666666666667
0.75
1.1
0.75
1.2093023255813953
0.8
1.2571428571428571
0.8
1.1764705882352942
0.8
1.302325581395349
0.8333333333333334
1.15625
0.8
1.1153846153846154
0.8333333333333334
1.1538461538461537
0.8
1.1395348837209303
0.8
1.2058823529411764
0.8
1.162162162162162
0.8
1.25
1.0
1.4038461538461537
1.0
1.3777777777777778
1.0
1.358974358974359
1.0
1.4102564102564104
1.0
1.3243243243243243
1.0
1.2758620689655173
1.0
1.475
1.0
1.2571428571428571
1.0
1.4339622641509433
1.25
1.5
1.25
1.4893617021276595
1.2
1.4722222222222223
1.25
1.4230769230769231
1.2
1.4528301886792452
1.2
1.5319148936170213
1.2
1.5806451612903225
1.2
1.6818181818181819
1.2
1.6
1.2
1.5714285714285714
1.25
1.6875
1.25
1.6486486486486487
1.25
1.641025641025641
1.25
1.7804878048780488
1.25
1.7619047619047619
1.25
1.9722222222222223
1.4
1.8
1.25
1.7446808510638299
1.25
1.8333333333333333
1.25
1.9259259259259258
1.25
1.930232558139535
1.25
1.972972972972973
1.25
2.0350877192982457
1.25
1.9318181818181819
1.0
1.9555555555555555
1.0
1.9268292682926829
1.0
1.8372093023255813
0.5
1.8928571428571428
0.5
1.9210526315789473
0.5
1.8235294117647058
0.5
1.85
0.5
1.8974358974358974
1.0
1.8846153846153846
1.0
1.8108108108108107
1.4
1.8717948717948718
1.25
1.8863636363636365
1.4
1.911764705882353
1.4
1.8846153846153846
1.625
1.975
1.5
1.9523809523809523
1.25
1.9705882352941178
1.25
1.9655172413793103
1.0
1.9333333333333333
1.0
1.9230769230769231
1.25
1.9705882352941178
1.0
1.8461538461538463
1.0
1.9411764705882353
1.0
1.9791666666666667
1.0
1.9318181818181819
1.0
1.9361702127659575
1.0
1.9142857142857144
1.0
1.8823529411764706
1.0
1.951219512195122
2.0
2.0208333333333335
2.0
2.0588235294117645
1.6666666666666667
1.9761904761904763
1.6666666666666667
2.119047619047619
1.6666666666666667
2.0
1.6666666666666667
2.0
1.6666666666666667
2.05
1.5
2.0
1.6666666666666667
2.048780487804878
1.6666666666666667
1.9782608695652173
1.5
2.0
1.5
2.0
1.6666666666666667
2.0508474576271185
1.6666666666666667
1.9696969696969697
1.5
1.96875
1.0
1.967741935483871
1.0
1.98
1.5
1.9615384615384615
1.5
1.9705882352941178
1.5
1.98
1.5
2.0
1.0
1.9473684210526316
1.0
1.9722222222222223
1.5
1.9705882352941178
1.5
1.9767441860465116
1.6666666666666667
1.9696969696969697
1.5
1.9736842105263157
1.5
1.9743589743589745
1.5
1.9666666666666666
1.6666666666666667
2.0
1.5
2.0
1.6666666666666667
2.0
1.5
2.0294117647058822
2.0
2.0384615384615383
2.0
2.1
2.0
2.107142857142857
2.0
2.142857142857143
1.5
2.1219512195121952
1.5
2.061224489795918
1.5
2.2857142857142856
1.5
2.129032258064516
1.5
2.2222222222222223
2.0
2.3333333333333335
2.0
2.3095238095238093
2.0
2.148936170212766
2.2857142857142856
2.106382978723404
2.2
2.189189189189189
2.1666666666666665
2.1904761904761907
2.0
2.0357142857142856
2.0
2.1020408163265305
2.0
2.2093023255813953
2.0
2.242424242424242
2.0
2.25
2.0
2.25531914893617
2.0
2.3220338983050848
2.25
2.4363636363636365
2.4
2.3333333333333335
2.2857142857142856
2.5
2.0
2.5833333333333335
2.3333333333333335
2.260869565217391
2.3333333333333335
2.41025641025641
2.4
2.702127659574468
2.4
2.3488372093023258
2.0
2.1315789473684212
2.0
2.347826086956522
2.0
2.210526315789474
2.0
2.263157894736842
2.0
2.2888888888888888
2.0
2.3260869565217392
2.142857142857143
2.6666666666666665
2.0
2.4074074074074074
2.0
2.3636363636363638
2.0
2.4468085106382977
2.6666666666666665
2.4390243902439024
2.6666666666666665
2.6785714285714284
2.6666666666666665
2.3333333333333335
2.8
2.3333333333333335
2.5
2.3469387755102042
3.0
2.3783783783783785
2.6666666666666665
2.5
3.0
2.324324324324324
3.0
2.588235294117647
2.5
2.2857142857142856
2.0
2.1666666666666665
2.0
2.1
2.0
2.108108108108108
2.0
2.27027027027027
2.0
2.30188679245283
2.6666666666666665
2.235294117647059
2.0
2.1025641025641026
2.0
2.121212121212121
2.0
2.1578947368421053
2.0
2.1020408163265305
2.0
2.0555555555555554
2.0
2.1142857142857143
2.0
2.0476190476190474
2.0
2.0681818181818183
2.0
2.0833333333333335
2.0
2.0681818181818183
1.6666666666666667
2.142857142857143
1.8
2.0344827586206895
1.75
2.022222222222222
1.8
2.0476190476190474
1.5
2.0277777777777777
1.5
2.037037037037037
1.6666666666666667
2.024390243902439
1.6666666666666667
2.106382978723404
1.5
2.103448275862069
1.5
2.125
1.5
2.3
1.5
2.1702127659574466
1.6666666666666667
2.317073170731707
2.0
2.24
1.75
2.2666666666666666
1.8
2.302325581395349
1.75
2.2564102564102564
1.75
2.275
1.75
2.2954545454545454
1.75
2.3181818181818183
1.6666666666666667
2.4
1.6666666666666667
2.282608695652174
1.6666666666666667
2.3636363636363638
1.6666666666666667
2.388888888888889
1.75
2.4473684210526314
1.6666666666666667
2.3421052631578947
1.6666666666666667
2.375
2.25
2.5306122448979593
2.0
2.3333333333333335
2.0
2.2
2.0
2.36734693877551
2.0
2.276595744680851
1.5
2.3555555555555556
1.5
2.3617021276595747
2.0
2.2790697674418605
2.0
2.317073170731707
2.0
2.45
2.0
2.5
2.0
2.4
2.0
2.25
2.0
2.212121212121212
2.0
2.3333333333333335
2.0
2.212121212121212
2.0
2.1666666666666665
2.0
2.3488372093023258
2.25
2.369565217391304
2.0
2.3055555555555554
2.0
2.1315789473684212
2.0
2.216666666666667
2.0
2.090909090909091
2.0
2.1724137931034484
2.0
2.325
2.0
2.3333333333333335
2.2
2.183673469387755
2.0
2.1627906976744184
2.0
2.2666666666666666
2.25
2.1951219512195124
1.5
2.1136363636363638
1.5
2.159090909090909
1.8
2.128205128205128
1.6666666666666667
2.106382978723404
1.6666666666666667
1.9705882352941178
1.5
2.0625
1.6666666666666667
2.1621621621621623
1.6666666666666667
2.0454545454545454
1.6666666666666667
2.048780487804878
1.6666666666666667
2.1818181818181817
1.5
2.057142857142857
1.5
2.0238095238095237
1.5
2.125
1.5
2.081081081081081
1.5
2.0625
1.6666666666666667
2.1951219512195124
1.75
2.0408163265306123
1.8
2.027027027027027
1.6666666666666667
2.021276595744681
1.6666666666666667
2.025
1.5
2.125
1.5
2.0697674418604652
1.5
2.097560975609756
1.5
2.24
1.5
2.176470588235294
1.6666666666666667
2.033333333333333
2.0
2.0285714285714285
1.5
2.0
2.0
2.0638297872340425
2.0
2.0714285714285716
1.75
2.027027027027027
1.8333333333333333
2.048780487804878
1.75
2.2244897959183674
1.8
2.0714285714285716
1.8333333333333333
2.125
1.8
2.148936170212766
1.5
2.242424242424242
1.5
2.1842105263157894
1.5
2.0392156862745097
1.75
2.0952380952380953
1.75
2.1219512195121952
1.5
2.022222222222222
1.6666666666666667
2.121212121212121
1.5
2.1296296296296298
1.5
2.0
1.5
2.0526315789473686
1.6666666666666667
2.0625
2.0
2.0606060606060606
1.6666666666666667
2.0377358490566038
1.75
2.156862745098039
2.0
2.1904761904761907
1.6666666666666667
2.125
1.6666666666666667
2.1
1.6666666666666667
2.076923076923077
1.75
2.0555555555555554
1.75
2.0285714285714285
1.75
2.033333333333333
1.75
2.0588235294117645
1.6666666666666667
2.022727272727273
1.75
1.9696969696969697
1.75
2.0
1.75
1.9743589743589745
1.6666666666666667
2.0
1.5
1.9743589743589745
1.6666666666666667
2.0
1.6666666666666667
2.025
1.6666666666666667
2.04
1.8
2.1538461538461537
1.75
2.2195121951219514
1.75
2.051282051282051
1.75
2.0232558139534884
1.75
1.9736842105263157
1.75
2.0
1.75
2.0652173913043477
1.6666666666666667
2.0555555555555554
1.6666666666666667
2.1
1.6666666666666667
2.073170731707317
1.6666666666666667
2.0
1.6666666666666667
2.1
1.6666666666666667
2.032258064516129
1.6666666666666667
2.026315789473684
1.75
2.048780487804878
1.75
2.0851063829787235
1.75
1.9714285714285715
1.8
2.116279069767442
1.8
2.1219512195121952
1.6666666666666667
2.0952380952380953
1.75
2.108108108108108
2.0
2.064516129032258
2.0
2.1714285714285713
2.0
2.057142857142857
1.6666666666666667
2.1666666666666665
1.75
2.1025641025641026
1.8
2.108695652173913
1.75
2.0
1.6666666666666667
2.1818181818181817
1.75
2.096774193548387
1.6666666666666667
2.085714285714286
1.6666666666666667
2.2
1.6666666666666667
2.1463414634146343
2.0
2.1818181818181817
2.0
2.090909090909091
2.0
2.0952380952380953
2.0
2.0294117647058822
1.75
2.106382978723404
1.5
2.026315789473684
1.5
1.9666666666666666
1.6666666666666667
2.0208333333333335
1.75
2.088235294117647
1.75
2.0357142857142856
1.75
2.0454545454545454
1.8
2.0
1.8
2.0851063829787235
1.75
2.0416666666666665
1.75
2.138888888888889
1.8
2.0555555555555554
1.6666666666666667
1.9807692307692308
1.6666666666666667
2.027027027027027
1.6666666666666667
2.0
1.5
2.0
1.5
2.0
1.6666666666666667
2.037037037037037
1.5
1.972972972972973
1.6666666666666667
2.0217391304347827
1.6666666666666667
2.0238095238095237
1.6666666666666667
2.051282051282051
1.5
1.9743589743589745
1.6666666666666667
1.9795918367346939
1.5
1.9736842105263157
1.6666666666666667
1.9761904761904763
1.5
1.9642857142857142
1.5
1.967741935483871
1.5
1.9642857142857142
1.5
1.9777777777777779
1.5
2.0303030303030303
1.5
2.025
1.5
1.95
1.5
2.0
1.5
1.98
1.5
1.96875
1.5
2.0208333333333335
1.6666666666666667
2.0526315789473686
