0.0
0.0
0.5
0.5
1.0
0.6666666666666666
0.9767441860465116
0.5
0.9615384615384616
0.6666666666666666
0.9772727272727273
0.6666666666666666
0.9736842105263158
0.0
0.9807692307692307
0.0
0.9736842105263158
0.5
0.9642857142857143
0.6666666666666666
1.0
0.875
1.065217391304348
1.1111111111111112
1.1136363636363635
0.8333333333333334
1.205128205128205
0.8571428571428571
1.1395348837209303
0.8571428571428571
1.1
0.8333333333333334
1.1578947368421053
1.0
1.2380952380952381
1.1111111111111112
1.288888888888889
1.0
1.225
1.0
1.255813953488372
1.1428571428571428
1.3414634146341464
1.0
1.2285714285714286
1.125
1.2857142857142858
1.125
1.3695652173913044
1.1
1.2727272727272727
1.0833333333333333
1.3095238095238095
1.0
1.1379310344827587
1.0
1.1818181818181819
1.0
1.0263157894736843
0.8571428571428571
1.1666666666666667
0.8571428571428571
1.146341463414634
0.8571428571428571
1.0263157894736843
0.9230769230769231
1.1041666666666667
0.875
1.1219512195121952
0.8571428571428571
1.1320754716981132
1.0
1.1395348837209303
1.0833333333333333
1.26
1.0769230769230769
1.1176470588235294
1.0666666666666667
1.1794871794871795
1.0769230769230769
1.127659574468085
1.0769230769230769
1.0555555555555556
1.1538461538461537
1.0975609756097562
1.125
1.0930232558139534
1.0
1.1176470588235294
0.9090909090909091
1.05
0.9090909090909091
1.2
1.0625
1.1551724137931034
1.2
1.127659574468085
1.0833333333333333
1.1785714285714286
1.0
1.1555555555555554
1.0625
1.1403508771929824
0.9285714285714286
1.125
1.0769230769230769
1.1914893617021276
1.1666666666666667
1.169811320754717
0.9
1.0681818181818181
1.1666666666666667
1.0851063829787233
1.0833333333333333
1.0526315789473684
1.0
1.1372549019607843
1.0714285714285714
1.0714285714285714
1.0625
1.1346153846153846
1.1666666666666667
1.0
1.0714285714285714
1.0526315789473684
1.0
1.1111111111111112
1.0833333333333333
1.1346153846153846
1.0555555555555556
1.2264150943396226
1.1176470588235294
1.125
1.1666666666666667
1.16
1.2857142857142858
1.152542372881356
1.263157894736842
1.2391304347826086
1.2727272727272727
1.2321428571428572
1.2272727272727273
1.2575757575757576
1.3333333333333333
1.36
1.368421052631579
1.2745098039215685
1.2777777777777777
1.1568627450980393
1.2222222222222223
1.183673469387755
1.3125
1.2291666666666667
1.4210526315789473
1.2083333333333333
1.5217391304347827
1.2448979591836735
1.3333333333333333
1.1935483870967742
1.5217391304347827
1.265625
1.6818181818181819
1.2388059701492538
1.619047619047619
1.25
1.6666666666666667
1.2698412698412698
1.6
1.2452830188679245
1.625
1.2448979591836735
1.625
1.1730769230769231
1.4736842105263157
1.1914893617021276
1.375
1.183673469387755
1.5
1.2272727272727273
1.5
1.150943396226415
1.5238095238095237
1.1379310344827587
1.3888888888888888
1.2222222222222223
1.45
1.1724137931034482
1.4210526315789473
1.1549295774647887
1.3888888888888888
1.196078431372549
1.411764705882353
1.1764705882352942
1.4545454545454546
1.2459016393442623
1.5416666666666667
1.3396226415094339
1.5217391304347827
1.278688524590164
1.6666666666666667
1.2884615384615385
1.6
1.328358208955224
1.8148148148148149
1.3484848484848484
1.962962962962963
1.4406779661016949
1.9285714285714286
1.356164383561644
1.96
1.3448275862068966
1.76
1.3636363636363635
1.7307692307692308
1.3166666666666667
1.7407407407407407
1.280701754385965
1.875
1.3529411764705883
1.9259259259259258
1.36
1.8333333333333333
1.411764705882353
1.90625
1.3076923076923077
1.8076923076923077
1.2857142857142858
1.6956521739130435
1.2173913043478262
1.7
1.275
1.6538461538461537
1.4565217391304348
1.972972972972973
1.4666666666666666
1.8666666666666667
1.4523809523809523
1.7419354838709677
1.34
1.8372093023255813
1.5813953488372092
1.9310344827586208
1.3333333333333333
1.9534883720930232
1.5510204081632653
1.8181818181818181
1.5625
1.8181818181818181
1.608695652173913
1.7777777777777777
1.4901960784313726
1.8780487804878048
1.5813953488372092
1.9024390243902438
1.5434782608695652
2.05
1.7916666666666667
1.837837837837838
1.6578947368421053
1.8837209302325582
1.8627450980392157
2.0217391304347827
1.82
1.8918918918918919
1.8666666666666667
1.9761904761904763
1.86
1.9787234042553192
1.8275862068965518
1.9019607843137254
2.0
1.875
1.9701492537313432
2.0943396226415096
2.1451612903225805
2.0
1.9701492537313432
2.0
2.1320754716981134
2.0434782608695654
2.036363636363636
2.0754716981132075
1.9649122807017543
1.8
2.164383561643836
2.0
2.0606060606060606
2.152542372881356
2.142857142857143
2.107142857142857
2.0303030303030303
2.090909090909091
2.121212121212121
2.125
2.2253521126760565
2.0925925925925926
2.272727272727273
2.1904761904761907
2.1379310344827585
2.090909090909091
2.287878787878788
2.0517241379310347
2.274193548387097
2.018867924528302
2.3823529411764706
2.0754716981132075
2.2777777777777777
2.1333333333333333
2.5294117647058822
2.125
2.403225806451613
2.1228070175438596
2.509433962264151
2.263157894736842
2.5576923076923075
2.259259259259259
2.5
2.25
2.4655172413793105
2.261904761904762
2.627450980392157
2.1904761904761907
2.5357142857142856
2.2790697674418605
2.532258064516129
2.326923076923077
2.4893617021276597
2.288135593220339
2.58
2.370967741935484
2.610169491525424
2.306451612903226
2.625
2.183098591549296
2.5555555555555554
2.267605633802817
2.5789473684210527
2.3035714285714284
2.710526315789474
2.2325581395348837
2.5454545454545454
2.109090909090909
2.3823529411764706
2.1454545454545455
2.289473684210526
2.150943396226415
2.324324324324324
2.1320754716981134
2.3513513513513513
2.0
2.325
2.0535714285714284
2.4047619047619047
2.036363636363636
2.2093023255813953
2.0483870967741935
2.2142857142857144
2.020408163265306
2.2
2.036363636363636
2.225806451612903
2.0408163265306123
2.25
2.0307692307692307
2.1785714285714284
2.033333333333333
2.25
2.126984126984127
2.230769230769231
2.0677966101694913
2.1818181818181817
2.0526315789473686
2.242424242424242
1.981818181818182
2.0714285714285716
2.037037037037037
2.225806451612903
2.016949152542373
2.1666666666666665
2.076923076923077
2.4054054054054053
2.176470588235294
2.6
2.25
2.676470588235294
2.2222222222222223
2.4482758620689653
2.0588235294117645
2.2857142857142856
2.086206896551724
2.142857142857143
2.046511627906977
2.1481481481481484
1.9807692307692308
2.4857142857142858
2.0454545454545454
2.2857142857142856
2.1875
2.4814814814814814
2.2291666666666665
2.433333333333333
2.18
2.5
2.259259259259259
2.6486486486486487
2.189655172413793
2.5945945945945947
2.1904761904761907
2.5555555555555554
2.230769230769231
2.4838709677419355
2.230769230769231
2.484848484848485
2.1587301587301586
2.3548387096774195
2.1186440677966103
2.3333333333333335
2.24
2.3548387096774195
2.1724137931034484
2.3636363636363638
2.193548387096774
2.5
2.18
2.48
2.227272727272727
2.888888888888889
2.3114754098360657
2.625
2.309090909090909
2.7
2.381818181818182
2.5714285714285716
2.296875
2.7
2.40625
2.5357142857142856
2.2452830188679247
2.5714285714285716
2.3333333333333335
2.6
2.3442622950819674
2.75
2.6956521739130435
3.0294117647058822
2.767857142857143
2.838709677419355
2.5
2.742857142857143
2.5254237288135593
2.59375
2.3620689655172415
2.5945945945945947
2.3333333333333335
2.6363636363636362
2.306451612903226
2.4705882352941178
2.3098591549295775
2.6857142857142855
2.295774647887324
2.696969696969697
2.310810810810811
2.5945945945945947
2.2285714285714286
2.4705882352941178
2.3076923076923075
2.5675675675675675
2.390625
2.6176470588235294
2.360655737704918
2.4838709677419355
2.3114754098360657
2.5454545454545454
2.236111111111111
2.4193548387096775
2.234375
2.5757575757575757
2.1904761904761907
2.5454545454545454
2.1805555555555554
2.4642857142857144
2.225806451612903
2.642857142857143
2.2388059701492535
2.533333333333333
2.253968253968254
2.7333333333333334
2.287878787878788
2.5925925925925926
2.4057971014492754
2.6551724137931036
2.343283582089552
2.607142857142857
2.2465753424657535
2.625
2.306122448979592
2.68
2.2941176470588234
2.730769230769231
2.4782608695652173
3.1363636363636362
2.283333333333333
2.96
2.377049180327869
2.8846153846153846
2.425531914893617
2.8518518518518516
2.324324324324324
2.8518518518518516
2.343283582089552
2.9166666666666665
2.3055555555555554
2.8
2.2794117647058822
2.727272727272727
2.260869565217391
2.64
2.2711864406779663
2.8421052631578947
2.2745098039215685
2.6666666666666665
2.2181818181818183
2.588235294117647
2.2888888888888888
2.6666666666666665
2.3207547169811322
2.761904761904762
2.25
2.5
2.2203389830508473
2.5
2.2542372881355934
2.7222222222222223
2.28
2.4
2.2181818181818183
2.4375
2.1904761904761907
2.466666666666667
2.156862745098039
2.5
2.306122448979592
2.588235294117647
2.2653061224489797
2.7222222222222223
2.2545454545454544
2.764705882352941
2.3114754098360657
2.823529411764706
2.3392857142857144
2.909090909090909
2.4583333333333335
2.9523809523809526
2.457627118644068
3.0454545454545454
2.4310344827586206
3.0526315789473686
2.3962264150943398
2.9473684210526314
2.411764705882353
2.8823529411764706
2.3703703703703702
2.7142857142857144
2.3653846153846154
2.75
2.4310344827586206
2.96
2.5
2.8076923076923075
2.4383561643835616
3.0
2.694915254237288
3.142857142857143
2.7241379310344827
3.04
2.75
3.107142857142857
2.7037037037037037
3.0
2.816666666666667
3.21875
2.734375
2.9310344827586206
2.836734693877551
3.103448275862069
2.661764705882353
3.1538461538461537
2.753623188405797
3.0833333333333335
2.7413793103448274
3.260869565217391
2.8656716417910446
3.391304347826087
3.017857142857143
3.4642857142857144
2.857142857142857
3.59375
2.9591836734693877
3.5517241379310347
2.716666666666667
3.1153846153846154
2.6610169491525424
3.08
2.694915254237288
3.2666666666666666
2.6440677966101696
2.925925925925926
2.573529411764706
2.9310344827586206
2.727272727272727
3.1
2.925373134328358
3.413793103448276
2.986111111111111
3.4285714285714284
3.033333333333333
3.6176470588235294
2.8795180722891565
3.4516129032258065
2.953846153846154
3.4642857142857144
2.913793103448276
3.46875
3.0161290322580645
3.3793103448275863
2.8450704225352115
3.4516129032258065
2.953846153846154
3.566666666666667
2.971014492753623
3.4
2.80327868852459
3.24
2.4927536231884058
3.1739130434782608
2.76271186440678
3.25
2.5833333333333335
2.95
2.5416666666666665
3.0
2.8596491228070176
3.2916666666666665
2.8
3.2083333333333335
2.8823529411764706
3.1
2.793103448275862
3.3076923076923075
3.018181818181818
3.12
2.888888888888889
3.4193548387096775
3.1176470588235294
3.2903225806451615
2.981818181818182
3.3461538461538463
2.9846153846153847
3.4545454545454546
3.125
3.5161290322580645
2.9322033898305087
3.2857142857142856
3.0
3.3636363636363638
2.757575757575758
3.0454545454545454
2.7962962962962963
2.933333333333333
2.95
3.2413793103448274
2.84
3.04
2.9107142857142856
3.1153846153846154
2.923076923076923
3.3333333333333335
3.108695652173913
3.3461538461538463
3.0454545454545454
3.0303030303030303
2.9740259740259742
3.282051282051282
3.0833333333333335
3.3421052631578947
2.933333333333333
3.0555555555555554
2.9859154929577465
3.0526315789473686
2.9714285714285715
3.2439024390243905
2.9836065573770494
3.0606060606060606
2.869565217391304
3.090909090909091
3.0
3.121212121212121
3.0161290322580645
3.176470588235294
3.0
3.25
3.076923076923077
3.3076923076923075
3.0821917808219177
3.4210526315789473
3.076923076923077
3.2439024390243905
3.175675675675676
3.2790697674418605
3.123456790123457
3.289473684210526
3.1392405063291138
3.2444444444444445
3.088607594936709
3.2888888888888888
3.1176470588235294
3.159090909090909
3.1772151898734178
3.234042553191489
3.051282051282051
3.1956521739130435
3.127906976744186
3.14
3.127906976744186
3.1739130434782608
3.088235294117647
3.142857142857143
3.1527777777777777
3.341463414634146
3.084507042253521
3.1578947368421053
3.088235294117647
3.210526315789474
3.211764705882353
3.35
3.2658227848101267
3.3333333333333335
3.1818181818181817
3.129032258064516
3.1147540983606556
3.135135135135135
3.189189189189189
3.255813953488372
3.1724137931034484
3.2162162162162162
3.1475409836065573
3.3055555555555554
3.1866666666666665
3.2941176470588234
3.2413793103448274
3.3783783783783785
3.3513513513513513
3.5641025641025643
3.3333333333333335
3.2162162162162162
3.1927710843373496
3.263157894736842
3.230769230769231
3.2564102564102564
3.2388059701492535
3.1944444444444446
3.2794117647058822
3.2285714285714286
3.1621621621621623
3.236842105263158
3.227272727272727
3.5952380952380953
3.2432432432432434
3.1794871794871793
3.1818181818181817
3.15625
3.23728813559322
3.138888888888889
3.276923076923077
3.1142857142857143
3.203125
3.135135135135135
3.161764705882353
3.21875
3.276315789473684
3.40625
3.3783783783783785
3.342857142857143
3.238095238095238
3.242424242424242
3.3134328358208953
3.375
3.3333333333333335
3.3548387096774195
3.466666666666667
3.5588235294117645
3.4915254237288136
3.588235294117647
3.537313432835821
3.625
3.557142857142857
3.6
3.6
3.7777777777777777
3.5813953488372094
3.8780487804878048
3.596774193548387
3.7142857142857144
3.6265060240963853
3.763157894736842
3.5125
3.5833333333333335
3.6206896551724137
3.6216216216216215
3.4444444444444446
3.8666666666666667
3.671875
3.806451612903226
3.6129032258064515
3.7142857142857144
3.6379310344827585
3.7666666666666666
3.5142857142857142
3.7714285714285714
3.5342465753424657
3.3636363636363638
3.260869565217391
3.3055555555555554
3.3225806451612905
3.4545454545454546
3.3333333333333335
3.4242424242424243
3.4358974358974357
3.473684210526316
3.343283582089552
3.2857142857142856
3.358974358974359
3.3529411764705883
3.40625
3.3333333333333335
3.3636363636363638
3.3783783783783785
3.463768115942029
3.4571428571428573
3.4776119402985075
3.5384615384615383
3.4923076923076923
3.4
3.559322033898305
3.5625
3.6823529411764704
3.5833333333333335
3.6451612903225805
3.742857142857143
3.712121212121212
3.7027027027027026
3.681159420289855
3.6551724137931036
3.723076923076923
3.675675675675676
3.783333333333333
3.6363636363636362
3.75
3.7333333333333334
3.791044776119403
3.757575757575758
3.8088235294117645
3.888888888888889
3.8840579710144927
3.65625
3.80327868852459
3.757575757575758
3.7971014492753623
3.7
3.842857142857143
3.68
3.838709677419355
3.7586206896551726
3.909090909090909
3.838709677419355
3.9873417721518987
3.806451612903226
3.948717948717949
3.870967741935484
3.8450704225352115
3.7083333333333335
3.984375
3.7857142857142856
4.014925373134329
3.8846153846153846
3.962962962962963
3.923076923076923
4.015625
4.0625
4.063492063492063
4.137931034482759
4.136363636363637
4.125
4.0625
4.216216216216216
4.2894736842105265
4.25
4.2615384615384615
4.285714285714286
4.197368421052632
4.264705882352941
4.24
4.4411764705882355
4.193548387096774
4.484848484848484
4.1911764705882355
4.225806451612903
4.126984126984127
4.241379310344827
4.176470588235294
4.233333333333333
4.1940298507462686
4.290322580645161
4.154929577464789
4.333333333333333
4.180555555555555
4.258064516129032
4.230769230769231
4.305555555555555
4.253521126760563
4.161290322580645
4.164179104477612
4.241379310344827
4.2631578947368425
4.225806451612903
4.327868852459017
4.3125
4.1875
4.12
4.188405797101449
4.066666666666666
4.161764705882353
4.071428571428571
4.068493150684931
4.09375
4.1692307692307695
4.033333333333333
4.057971014492754
3.967741935483871
4.076923076923077
4.0
4.015625
3.935483870967742
4.096774193548387
4.032258064516129
4.088235294117647
4.1923076923076925
4.1911764705882355
4.392857142857143
4.321428571428571
4.392857142857143
4.323529411764706
4.393939393939394
4.354838709677419
4.235294117647059
4.25
4.193548387096774
4.328571428571428
4.242424242424242
4.3584905660377355
4.363636363636363
4.212121212121212
4.32258064516129
4.276923076923077
4.419354838709677
4.209677419354839
4.28125
4.25
4.344827586206897
4.174603174603175
4.484848484848484
4.257575757575758
4.34375
4.234375
4.242424242424242
4.138888888888889
4.129032258064516
4.126984126984127
4.25
4.154929577464789
4.545454545454546
4.214285714285714
4.357142857142857
4.25
4.354838709677419
4.197368421052632
4.16
4.238095238095238
4.230769230769231
4.338709677419355
4.222222222222222
4.171875
4.185185185185185
4.306451612903226
4.222222222222222
4.3
4.275862068965517
4.279411764705882
4.379310344827586
4.402985074626866
4.457142857142857
